616483
26532
45619
3874
26785
26760
3967
26556
3882
3895
50559
29427
1223
13362
42978
9194
29315
13470
27189
8852
21969
28493
22208
24349
29217
8902
29200
1335
8771
8742
16528
8826
1549
21407
8878
1717
43076
29332
8337
8794
13182
43160
15645
13402
1507
1195
13449
1095
2960
22235
9306
28545
27338
29444
2583
9355
43032
24130
1293
27273
2291
24113
24042
16586
1053
24006
2521
22101
27298
3140
9004
8976
23960
23932
9080
9549
13224
22071
13279
16551
2081
23868
6701
24318
23748
24367
1181
2277
43053
43009
2179
1081
29349
43183
27164
27156
28526
13260
29358
27181
29268
28518
29242
2801
1927
1265
1251
29234
617139
625875
658580
127764
617485
111902
652448
652420
665175
656612
647725
630741
655386
638835
682270
652369
637704
28501
3969
3953
3990
3998
3842
3860
3948
3941
3928
3901
26808
42849
42829
42809
42786
29008
1759
22900
54012
74332
139624
651737
155433
14899
14994
43244
43361
43913
139871
127787
127822
155589
127845
165043
155623
615437
155409
673111
679543
673081
650498
683396
651614
660333
173479
165084
164916
164411
155559
151856
151252
151225
149989
149909
149877
149096
141259
141236
141172
141143
140322
140270
140244
139727
139554
139313
139168
132413
132389
131840
131285
131257
128857
128803
128659
30997
29985
29819
29726
29384
28984
25745
23771
23723
22975
20245
16566
15150
13874
13381
12841
11110
10763
8926
8626
8070
1237
759
12318
12295
12267
12241
12180
12156
12134
659673
12063
12039
12000
11976
11956
8654
8312
8288
8262
8237
8213
8189
8161
8139
8114
8094
3987
45038
44893
44842
44790
44770
44749
44728
44707
44355
44343
44335
44315
44257
44247
44239
44231
44183
44163
44130
44122
44046
44026
44006
43938
43850
43830
43780
43757
43706
43685
43636
43598
43515
43411
43382
43325
43281
32317
32309
32292
32275
32266
32229
32221
32170
32162
31771
32130
32113
31918
31910
31902
31893
31882
31827
31819
31811
31794
32138
31752
31736
31668
31660
31651
31643
31598
31581
31526
31508
31438
31422
31405
31355
31338
31260
31241
31211
31186
31178
31159
31115
28053
658484
27882
27866
27849
27837
27829
27807
27797
27781
27756
27711
27703
27686
27678
27661
27644
27585
27551
27543
27500
27431
27414
12360
12420
12443
28350
12469
12492
12563
12670
12697
12715
12744
12767
12783
12820
12898
12919
12940
12996
13019
13073
13092
13120
13515
13553
13571
13607
13627
13645
13665
13717
13739
13757
14285
14343
20201
20279
20306
20333
20369
20392
20424
20463
21325
21461
21484
21551
21578
21648
21675
21701
22262
22292
22590
22691
22716
22741
22767
22823
22848
22151
22924
22949
23025
23052
23124
23144
23248
23685
23795
23839
23885
23915
23977
24024
24059
24096
24147
24254
24277
24409
24435
24459
24484
24507
24562
24586
24609
24634
24651
28121
28129
28162
28170
28576
28591
28609
28617
28645
28653
28683
28801
28817
28874
28908
28925
28933
29452
27389
26958
26917
26878
26852
26735
26711
26688
26484
26402
26368
26349
26326
26303
26273
26250
26231
26207
26138
26113
26088
26062
26039
26015
25770
25719
25667
25640
25615
25589
25523
25472
25446
25390
25357
25326
25299
25274
25199
29460
29518
29535
29543
29560
29611
29636
29681
29704
29743
29751
29759
29767
29853
29861
29869
29900
29968
29993
30010
30018
30076
30118
30131
30156
30179
30341
30358
30375
30409
30426
30524
30541
30549
30574
30616
30633
30641
30668
30705
30721
41150
30780
30831
30851
30859
30876
30893
30946
30963
30980
31014
31063
31082
31099
31107
44859
44927
44949
45046
45068
45089
45157
45164
45192
45212
45235
45631
45698
45750
45842
14407
10717
31480
14508
14305
14324
17542
17409
17142
15240
17336
17560
10477
969
1025
1039
1067
1123
1675
2333
2361
2375
2681
2979
3252
12611
31430
28096
21756
25692
25496
21729
20175
16779
16722
17160
14490
2305
653608
703507
25172
25105
25061
25012
24977
24960
24908
24891
24874
24857
24761
24735
24700
20145
20117
17958
17885
17862
17815
17788
17690
17674
17655
17634
17616
17580
17485
17468
17447
17429
17389
17316
17296
17278
17260
17240
17199
17101
17079
17060
52659
17042
16999
16979
16962
16942
16906
16883
16864
16839
16759
16742
16667
16661
16641
16627
15561
15541
679625
15490
15448
15430
15412
15391
15330
15312
15290
15222
15203
15184
15130
15111
15092
15032
659631
14956
14918
51645
90733
51695
52540
14871
14810
14748
14711
681180
14545
14528
11927
11892
11869
11847
11819
26509
26461
11795
11771
11741
11694
11669
11641
14426
14608
12516
9728
42703
12588
955
983
1011
1109
1153
1167
1279
1307
1321
1377
11621
11595
11568
11541
11508
11450
11428
11406
11384
11360
11331
11283
27524
1405
1419
1433
1451
1479
1493
1521
1535
1563
45938
682067
11251
11191
11146
11087
11060
11038
10984
10954
10931
10885
10864
10835
10739
10665
10642
10620
10581
659658
10504
10453
10428
10349
10306
10283
9938
9892
9867
9841
9813
9783
9704
9604
9409
9386
9579
31624
47662
47634
1577
1591
1605
1619
1633
1647
1661
1745
1773
1787
1801
1857
1871
1885
1913
2039
2053
2067
2109
2123
2137
2151
2165
2193
2207
2221
2235
2249
2263
2347
2389
2403
2417
2478
2499
2536
2552
2598
2629
2645
2661
2702
2718
2732
2747
2764
2818
2855
2883
2899
2931
2946
2998
3017
3032
3053
3067
3104
3121
3155
3174
3192
3208
3223
3238
3269
3285
2869
3089
941
913
899
23173
1983
43316
680109
1941
12084
1969
616791
148798
667195
122383
683959
684135
621414
677441
677449
677379
677452
677399
677396
677402
677393
677376
677356
677353
677319
677350
677315
677312
677296
677293
677290
677267
677382
677273
677287
677270
677438
704572
701658
701687
701684
701715
701655
701652
701636
701649
701678
701294
701237
701285
701234
701224
701681
701633
704542
703849
703825
703834
649691
703797
703771
703749
703722
703560
703523
703567
703448
703465
701126
701101
701086
701122
701083
701076
701032
701028
701021
700994
701024
700988
700982
700975
700969
700962
700934
700931
700871
700880
700868
700865
700857
700836
700829
700816
700797
700767
700789
700720
700688
700665
700613
700572
700545
700522
13038
699786
699745
699807
699767
662410
697169
697123
697133
697073
697041
697020
23223
684230
686047
693788
693769
693834
693815
59725
637819
653660
633502
637869
631302
631227
624385
650410
653710
119777
12632
43946
651418
651483
620654
686152
686145
686121
686118
686106
686103
686079
686076
685172
685169
685175
684798
685104
684944
684791
684939
684902
684899
684884
684841
684835
684838
684832
684821
684814
684744
684736
684183
684706
684349
684192
684338
684252
684259
684255
684249
684240
684237
684204
684142
684109
683952
684000
683993
683945
683895
683902
683494
683491
683488
683325
683442
683449
683387
683439
683391
683318
683367
683266
683279
683240
683213
683186
683162
681138
681230
682429
682274
682492
682443
682440
682437
682353
682432
682350
682300
682347
682327
682324
682321
682264
682267
682022
682109
682086
682106
682063
682058
681960
682017
682014
682000
681903
681952
681910
681879
681233
681226
681223
681197
681189
681184
681135
681066
681096
667580
667577
667539
667536
681132
667533
667512
667428
667425
667422
667415
667395
667370
667380
667367
667340
667337
667334
667323
667320
667291
667288
667245
667234
667209
667170
667122
666544
666541
666538
666534
666501
666504
666494
666323
666320
666316
666273
666270
681091
666267
666251
666234
666222
666197
681080
681077
27281
9141
680169
680166
680163
680159
680138
680135
680132
680129
680115
680112
679225
679651
679628
679622
679585
679570
679549
679412
679539
679373
663858
663855
663861
663222
663865
662778
663909
663189
663868
663871
663952
663956
663960
663963
663968
663996
663999
664793
664817
664830
662722
662758
663256
663518
663492
664851
663912
662805
663060
662802
664860
664009
664938
664935
664932
664895
664892
664889
664886
663247
663259
663253
663240
663815
663812
663809
663806
663790
663784
663767
663123
663764
663761
663754
663706
663702
663691
663651
663203
663648
663639
663636
663600
663593
663068
663138
663579
663568
663554
676263
679370
679367
679333
679178
679327
679228
679222
679104
679187
679184
679181
13318
679138
679135
679132
679079
679022
678996
678644
669785
670196
669782
669740
669737
670199
669734
669722
670182
669719
669716
669713
670179
670176
669666
669630
669627
669621
669624
670162
669587
670155
670145
669584
678534
678541
669581
669578
669563
670114
669556
669525
669518
670106
669226
669247
669223
669172
669165
669160
669157
669103
669100
669097
669094
669065
669062
669059
669056
669034
669027
669000
668993
676118
676476
676472
649720
676469
676466
676446
676443
79601
676440
676437
676370
676367
676364
676356
676307
676303
676299
676296
676260
676257
676254
676244
676239
676235
676204
676201
676198
676183
676180
676177
676174
676145
676142
676138
676127
676124
654291
2778
148304
24683
85446
674828
674778
665930
665903
665900
665888
665840
665837
665825
665822
665813
665796
78250
665787
665772
665576
665573
665570
665567
665540
665537
665502
665495
665474
665467
665185
665182
665083
665076
665073
665049
665070
654059
665046
664959
665531
664956
664953
664950
654092
674694
139337
674723
674812
674967
674964
674961
674945
674930
674924
674909
674906
674875
674872
674868
674834
674825
674816
672961
672958
672918
672915
672911
672899
672870
672864
672855
672049
671419
672843
672852
672896
673370
672818
672811
672640
671411
672630
671408
671972
672004
672015
672034
671395
671382
672043
672060
671379
672093
672096
672109
672571
671366
671363
671360
672770
672546
672338
672310
671322
670338
670334
671313
671310
671325
670312
670309
670295
670291
670279
670276
671301
671277
671334
670273
671274
671264
671298
671257
671247
670261
670258
674784
670255
670252
670249
670235
671223
670205
671196
674781
674766
674751
674760
674757
674738
674685
625821
673363
673353
673349
673344
673337
673299
673296
673285
673282
673262
673259
673255
673252
673242
673207
673204
673158
673155
673137
673134
673131
673120
673117
673088
673075
673061
668497
668494
668488
668491
668444
668441
668438
668435
668398
668395
668392
668231
668389
668375
668337
668334
668331
668328
668325
668319
668286
668283
668274
668271
668237
668234
668228
668205
668216
668179
668149
667673
667635
667669
667632
667629
667602
667599
667596
662331
662692
662682
662662
662638
662413
662387
662383
662377
662360
662325
662321
662308
662295
662283
662259
660703
660686
660672
660624
660605
660580
660547
660521
660495
660292
660284
660273
660207
660192
660180
660164
660140
660117
660093
626162
625793
616251
617669
81693
634396
14728
14791
648464
652530
10245
159704
72766
155656
155863
155922
155955
72685
24534
151434
155988
155978
128724
128749
55928
10692
164293
660592
13534
660860
660856
660809
660804
660786
660765
660749
660737
31372
24995
659842
659817
659793
659716
659688
659604
659571
658522
658769
659065
658933
659021
658987
658960
658948
658924
658914
658898
658825
658858
658789
658744
658608
658647
658617
658508
658573
658546
658535
658460
658430
658406
658381
658161
658178
658130
657533
657685
657586
657573
657184
657233
657325
657250
657313
657264
657204
656871
656936
656971
656848
656921
656890
656818
656789
656481
656658
656467
656589
656561
656551
656524
656494
656442
656413
656167
656102
656133
656163
656151
656126
656088
656116
656065
656041
656016
655771
655786
655815
655804
61464
655743
655718
655694
655656
655633
655610
655585
655530
655422
655477
655408
655435
655356
655331
655033
655306
655061
655019
655085
655072
654995
654968
654939
654930
654904
654670
55618
654810
654781
654758
654705
654728
654631
654607
654582
654559
654535
654406
653912
654402
654368
654336
654257
654065
654062
654056
654052
654049
654015
653991
653947
653939
653927
653889
653862
653833
653808
653761
653686
653636
653577
653549
653308
653284
653259
653236
653209
653183
653155
653133
653057
653018
652995
652971
652948
652647
652657
652616
652596
652634
652561
652502
652394
652322
652291
652098
652146
652109
652072
652046
652021
651982
651971
651943
651920
651893
651869
651844
651813
651785
651761
651709
651652
651640
651585
815
829
843
857
871
885
927
675
689
703
717
731
745
773
787
801
521
549
563
577
591
605
619
633
647
661
493
507
651558
651533
651507
651458
651394
651369
651306
651293
651178
651165
651239
651228
651200
651141
651118
651095
651069
651039
651011
650144
650577
649526
650194
650262
650525
650616
650553
650471
650382
650249
650177
650224
650105
650055
650029
650001
649975
649794
649770
649744
649664
649642
649617
649593
649488
649500
649476
649157
648752
649119
649154
649151
649148
649142
649125
649145
648815
648987
648956
648965
648980
648960
648941
648932
648921
648906
648915
648863
648855
648765
648805
648780
648728
648701
648600
648624
648613
648574
648548
648520
648495
648437
647973
648185
648159
648014
647848
647982
647946
647901
647835
647889
647808
647780
647754
122181
122194
637681
637728
637750
637772
637794
637890
637914
639343
639405
639420
639519
639525
639530
640371
640409
639267
639304
627936
626792
627986
638618
625987
638813
638788
638070
638233
638191
638153
638128
638118
638108
638084
638047
638026
638006
637984
634320
634372
634345
633477
633454
633428
631719
631694
631671
631648
631390
631325
631469
631404
631446
631313
631344
631278
631251
631201
631177
630752
630813
630875
630825
630774
630763
630726
630703
630657
630633
630518
630528
630540
630481
630495
630457
630435
630410
630387
630357
630331
630306
630283
630224
630260
630200
630173
630150
630121
630091
630069
628035
626044
627998
626032
626138
626116
626105
626065
626054
626010
625890
625850
625767
625592
616633
625686
625673
625660
625632
625605
625566
625540
625512
625482
624459
624436
624413
624333
624310
624287
624109
624224
624152
624186
624122
624084
624062
617854
617866
617963
616818
618233
616693
621680
621669
621691
621644
621427
621602
621579
621506
621403
621487
621498
621464
621380
621357
621327
621300
621275
621251
621199
621124
621028
621015
621116
621072
621064
621039
620994
620971
620753
620764
620730
620707
620626
617642
618395
618242
618161
618202
618109
618094
617569
617802
618084
618047
617973
617917
617907
617879
617826
617497
617733
617681
617692
617520
617543
617509
617461
617437
617412
617350
617326
617191
617177
617165
617112
617063
616990
616963
616894
616910
616869
616842
616765
616741
616659
616609
616585
616531
616507
614718
614738
614807
614834
614858
614949
614977
615060
615093
615134
615157
615191
615218
615242
615268
615283
615308
615363
615387
615411
615463
615490
615514
615538
615564
615588
615600
615612
616171
616202
616225
616277
616306
613689
613631
86130
613719
613745
613779
613598
613662
613558
613521
612245
612041
612014
611962
611989
611937
51377
27773
71534
49287
51113
51419
49102
173585
173555
173530
173507
173456
173432
1815
63466
15581
155532
155508
155482
155458
23822
71139
62169
148241
63435
3828
2613
28042
28062
28104
22180
85414
63406
149450
149421
149391
149360
149301
149271
149238
149143
149061
149028
28784
148966
148769
148742
1731
11230
148628
148604
119721
148330
148274
1363
132701
1703
2025
8953
56301
1997
15349
11306
57095
57264
56857
27874
59894
59855
59545
61432
61865
59794
61783
61708
61733
59968
59919
111875
61897
60001
56046
141368
141394
141346
141321
141288
141203
139522
139792
141055
141006
140448
119999
140389
140411
140362
140296
139360
140158
74176
139858
139779
139767
139744
139713
139699
139668
139572
139482
139440
139391
2095
54527
56674
54773
132736
132640
2914
128494
128830
129050
129109
129184
132584
132526
131665
131732
131703
27577
131566
131503
131452
131425
14840
17767
44071
13421
128882
131142
131096
131065
129456
95512
43194
28809
1465
997
1391
9627
129393
129364
129334
129276
129247
129082
30566
51332
15599
128992
128967
128939
128909
80993
30772
85534
51525
28145
128572
21432
25421
1843
56449
63528
113067
81270
10557
51355
9680
74438
71115
11718
119566
22876
61763
127751
127701
119673
11011
21623
125921
126055
126000
125959
124047
123998
123889
123830
123818
85478
123758
123746
122995
123722
55132
13775
14938
122413
122438
122957
122945
122902
122875
122756
122680
122671
122637
122582
122595
122556
122308
122285
13199
13160
10811
10402
10372
10112
119842
119925
119866
119801
119755
119697
119650
119624
119596
119535
119513
119485
118796
97996
97969
117147
117118
117078
117045
116750
111644
111841
111931
111978
112017
112052
112660
112845
112877
112899
112924
112954
113021
115703
115725
116696
72076
74513
13955
97640
51093
80906
81554
51585
81721
81629
49324
78462
79929
108704
108675
108551
108491
108462
108433
108406
108374
108345
9052
105982
105955
105918
105882
81418
95682
97689
98222
98168
98144
98116
98086
98060
98032
97944
97919
97867
97810
97785
97742
97716
97610
97527
97553
97497
97461
97433
95804
95847
95777
95744
95712
95655
95610
95585
95477
95448
95422
94931
95392
95365
95315
95288
95257
95226
95169
95120
95085
95057
95031
94998
94971
94902
94877
94841
94792
73653
10224
73596
90286
2839
2566
2011
1829
1689
77828
77858
77890
77922
77952
77990
78050
78099
78141
78199
78018
56969
79490
81207
85181
91095
22637
73438
73557
73461
45909
10172
10067
10197
10088
73507
72847
73389
73676
73532
73705
73628
14221
14239
50710
14177
73882
81852
14059
74025
72657
73729
14157
14138
45810
73769
73363
72791
72633
14077
14119
14037
72713
13976
14019
73947
55652
73919
73972
13937
72599
72911
10021
10138
22609
9026
13918
26835
45790
13858
72735
55392
13820
20086
9972
13837
55590
72887
24301
91296
91261
91234
91190
91155
91123
91060
90766
90704
90674
90646
90617
90589
90559
90523
90494
90460
90419
90380
90352
90320
90250
90219
90190
90155
90121
90086
90052
90023
80708
80529
80456
80339
51560
80247
80209
80183
79439
86010
86219
78168
86255
81750
81774
86192
86158
86102
86068
86042
85980
85697
85658
85628
85595
85565
85507
85154
85033
84894
85115
85090
85003
84919
83394
82662
82619
81798
81658
81607
81580
81519
81399
81326
81302
81238
81149
81121
81072
81019
80959
80868
80813
80693
80661
80631
80610
80581
80510
80485
80428
80404
80306
80279
80138
80120
80085
80061
80006
79957
79756
56171
79722
79692
79667
79639
79569
79514
79392
79416
55099
78415
78385
78357
78331
77770
77655
77623
77532
77496
77464
77423
77390
77364
77321
74462
71231
74153
74104
53517
53418
53383
53338
51655
52143
52178
52476
52509
52569
52602
52693
52724
30392
52757
72177
72163
72120
72142
72026
72000
71954
71978
71932
71620
71594
71562
71503
71469
71432
71406
71377
71292
71218
71192
71163
71089
70986
70951
70921
70864
70841
70893
70814
58853
63153
67104
65626
59828
63590
63557
63499
63376
63340
63311
63264
63227
63196
63122
63028
62997
62966
62935
62903
62873
62838
62784
62755
62726
62324
62292
62260
62230
62195
62122
62023
61678
61642
61607
61567
61541
61515
61409
61380
59763
59697
59638
59608
59577
59510
59416
59386
59355
59323
59294
59260
59227
59204
59172
59117
59037
59008
58985
58952
58915
58892
58830
58785
58756
58729
58702
58672
58641
58608
58574
58462
58496
58546
58423
58393
58367
58313
58281
58248
58221
49224
49248
54622
49185
57329
57296
57231
57157
57128
57062
57032
57000
56934
56890
56834
56796
56766
56740
56712
56606
56577
56537
56483
56417
56268
56237
56206
56142
56112
56075
56019
55989
55958
55808
55775
55749
55715
55678
55557
55525
55494
55462
55430
55345
55297
55069
55038
55007
54978
54947
54918
54836
54802
54741
54711
54678
54652
54582
54556
54495
54462
54436
54344
54313
54279
54247
54213
54180
54147
54113
54079
54047
53636
53608
53576
53547
53483
53454
53184
53152
53099
53068
53031
53001
52883
52969
50753
52847
52446
50860
51596
51486
51432
51257
51230
51207
51141
51133
51067
51047
50991
50933
50914
50895
50880
50599
50839
50610
50778
50685
50641
50579
49379
49346
49158
49134
49053
49076
49021
46380
16331
16287
16254
16202
16188
16171
16142
16126
16111
16094
16077
16051
16029
16013
15992
15975
15964
15945
15929
15912
15895
15869
21787
