526066
530417
529145
51474
52480
52480
119671
34901
51232
50203
35383
33455
33644
33142
33602
32850
32732
33552
33190
33678
33349
32688
33262
33248
33578
32700
32682
32810
33242
32932
33682
32780
33086
33686
33188
33670
33574
33046
32900
32902
33626
33028
33445
33244
33614
32642
33100
33333
33112
33335
33260
33530
32960
33558
32710
33317
33104
30694
29396
28849
29190
28881
28877
30149
29010
28893
28909
29616
28871
69306
30391
29837
28913
30271
28867
29200
28972
28889
29566
29022
28835
29536
29336
29781
29278
29414
29843
28594
29638
29214
29722
28590
29718
29538
29758
29182
29957
29292
29484
29740
29857
29142
29554
29044
30155
30053
30153
30201
514074
521089
513041
517526
507060
518158
512069
512780
522131
506877
517480
519181
511176
521179
516019
523827
514977
34785
116910
117817
117051
117054
4507341
4507341
116651
114837
114834
114838
52555
527816
530949
530946
530931
115693
29314
519809
512047
49100
515085
510766
526120
509792
507772
514083
507962
521820
33447
511490
517498
29136
519491
28606
28555
33397
511079
510012
514071
512027
509079
514486
523509
525954
40839
524834
522754
513876
30229
512742
517757
517517
520897
519782
521794
514796
515864
508104
508314
511421
522762
513868
522294
513239
522464
518792
510330
519890
525834
506886
513858
524956
508193
508248
518417
510774
522329
510228
509992
28561
508971
510873
521296
29426
525870
510890
28911
508726
511924
28681
522063
508871
519463
33393
30716
518258
521837
523915
521034
516945
515020
510091
523118
508707
511063
138861
507740
524135
511742
516744
511078
525143
523077
520059
525967
525094
525102
522866
509855
514846
518865
518383
514411
519289
507062
512950
511267
518292
526281
518996
515205
513282
520286
512922
507027
523144
513229
522172
512173
524531
517495
515476
519142
510797
518890
523494
525772
506835
520789
512787
518751
510809
518871
513044
519093
509704
524095
515077
514051
525946
516035
516946
526097
510014
510017
521048
509059
514066
509063
526008
524076
525956
511034
518084
512084
510075
512090
518093
516092
520114
507961
525944
523124
515107
512786
511085
512800
511753
513757
519762
520752
516740
519770
519857
512727
525863
524761
523772
523776
521773
526091
518784
521784
516771
518853
514861
516791
513888
518891
514404
511429
520425
514425
518397
510329
513507
520480
516168
516174
518169
513289
510120
526283
521028
509053
516112
524329
525096
520102
521085
523501
521090
525971
510072
516977
510063
515064
509071
521069
522070
515062
524060
520056
509054
519063
516046
511420
510320
517271
138841
509738
518026
525310
525328
523297
515304
515241
511487
516442
509271
525177
514414
515896
506865
513824
515097
521239
524055
520173
517912
521181
520992
518446
514468
510318
514420
522801
526144
508906
508026
522171
518432
522488
518395
512478
512739
29042
517771
524770
515118
511071
512991
519058
520442
523751
509163
515225
520447
525401
513797
521758
517739
520132
522032
517311
517092
524158
508191
513991
519992
514973
526226
513985
509000
526227
509274
518741
525097
509087
512981
511724
512003
524308
516222
523989
512170
514424
516894
512852
516775
518111
512089
515025
523198
525396
520183
515847
524522
525264
520866
510769
507022
510021
509785
515786
520872
513295
508096
520996
510933
509025
526033
512052
512782
514723
507870
519780
518411
522782
515857
524512
524516
518405
516401
511457
519506
519511
523141
522145
518334
524190
508258
513250
510165
516199
525163
523490
518376
521934
510840
524737
511098
517108
515992
506765
513106
520997
511958
511914
521973
508965
514282
523310
517199
514185
516219
526529
515216
507048
515144
520210
513287
515258
511222
522143
521242
517530
525149
515469
518429
510345
508202
524525
511423
511728
516910
508882
511897
517902
525890
524903
524861
517845
510785
524804
516783
516776
523795
511803
519015
521210
525337
520830
517796
522209
523455
518737
507710
520930
510885
506797
521337
516050
526048
517274
512502
518764
515458
513288
512200
521765
521831
516169
517006
509841
515841
515239
516197
525031
521278
523314
517514
508718
524141
515775
515213
522331
524901
520161
524080
511773
516737
507737
515909
518420
519753
509327
514149
520285
521257
522518
520152
510020
512264
521260
510132
524205
513278
513281
517312
519203
520193
523195
514242
509200
525199
517177
508221
508278
516042
525134
524188
512129
521420
524042
526104
526095
505523
518938
509731
523763
518819
513828
515824
525832
517455
511468
520146
523149
510117
524192
508276
510141
510142
521386
510140
509181
516181
521273
514141
518174
514162
513279
508107
513283
517296
510164
508018
519016
516920
514053
524038
526141
511001
515042
512993
516077
524091
515082
512093
513035
512105
507735
522937
512818
521852
507880
514757
511776
516779
510772
510743
510764
511825
527121
513830
524832
514733
519898
512467
524523
521390
519764
512816
520847
522848
516854
520213
519852
516863
517765
522936
526072
506834
518788
516432
514406
519092
517236
512026
513009
524229
511485
517934
521053
525104
525943
520990
516992
524218
518814
513795
518795
513796
524798
518807
524803
524814
525780
520822
525788
511842
523855
509940
517446
525996
525048
507835
517310
513487
522297
512191
522988
509797
517213
525804
525804
511894
506881
521887
515856
521907
509877
515899
525399
515419
524509
512480
515443
519482
513481
523525
509099
510341
507042
518140
518152
508259
508268
512131
512292
521204
519966
524137
514313
517233
508987
510035
510047
509896
526030
524776
524776
517890
523913
523120
513228
515948
507829
520208
531487
516425
508287
509754
514419
507855
511850
519086
512776
515872
515905
518944
522956
525775
514050
518820
512938
526340
506808
518075
511802
522214
519886
526121
509032
517531
517471
519464
517532
521811
516072
519064
510931
520430
524920
519131
521865
513222
523919
515827
513748
510816
519467
514410
517061
516802
514164
508804
515026
523802
520320
513473
526132
512876
514165
519062
520061
523854
519158
520186
523793
511458
517746
508828
515044
512045
515924
518028
523108
28915
523130
138836
519516
513946
525907
4532974
517877
524228
511478
514407
511095
523070
510332
510877
515539
527161
521880
519508
526127
520852
508985
29280
517462
511416
517262
516300
518415
523063
32718
511795
517865
516078
524833
42622
512835
33325
33377
4690070
512940
507826
516431
522907
514750
518431
507033
516431
513237
511255
512057
521233
116028
527169
509494
522860
526135
521948
523188
508930
508930
523104
508056
32962
515938
513724
506756
522021
522977
519988
515009
515030
524087
521183
519291
30129
508024
33264
525793
507943
515770
518881
508139
33001
33496
520079
524143
518452
513220
520829
519908
512498
512156
515767
29732
526126
30159
520920
518909
29154
512210
506790
516028
516173
4591445
510108
522817
29839
522315
521762
521793
524052
514852
517754
138848
520074
516150
517041
516944
526000
521791
29282
33296
29110
33524
524050
511015
509760
520821
512474
513163
526264
522079
511801
29933
507883
506849
510950
514405
516935
523782
32878
519800
520156
29466
522029
509941
513912
510906
521263
510912
522138
513175
514476
524033
512844
511009
524843
512142
526546
30123
509811
510767
522060
514195
511904
30339
510741
517901
510974
511809
510994
517198
513827
519110
526470
519021
508199
513778
510779
525763
508895
518906
520116
506821
515960
526006
510128
523051
519489
507778
512014
507692
41064
509091
29430
29847
511725
30211
521002
515952
518863
508228
517254
511020
28598
508345
521240
517292
523775
508284
521877
521308
517190
527138
512902
509762
523287
506792
523166
509967
508958
508022
522336
514142
523990
508175
508038
511988
524213
520212
525195
507015
511461
520437
521382
516394
508325
522469
523895
507814
513844
524047
519077
514873
508227
520892
509135
518306
513045
28996
28994
521133
522893
521923
510335
521383
511869
514037
32720
511256
524227
520949
524987
526308
514005
516374
512503
510700
138846
32892
32985
522081
516098
517015
507828
520431
524140
523338
519173
519175
517836
30369
524829
507903
514079
509049
69300
520813
28839
29286
522926
507969
514856
520790
520782
522750
510723
526059
517020
519103
509182
33164
525047
524868
521064
516964
509064
518038
515039
521045
508863
509092
511876
523532
514068
509871
520420
30265
524744
513261
521771
513900
517463
506807
525955
524119
521101
522122
515732
508711
513882
509035
522909
521134
515091
508852
516822
525852
29562
523909
524820
33272
523829
524855
522858
525392
524908
520108
512755
510322
525921
515412
527123
508330
513920
511437
520817
516415
523313
518136
29370
523887
512119
506855
523224
519268
509295
506717
510167
515898
518094
28574
525774
28576
29118
521288
518828
517017
508870
508915
516937
515022
522038
512906
33508
516916
514781
509722
519848
514891
524877
30704
510706
526037
508721
521118
33417
507827
33544
515070
517970
511494
513475
509304
30682
519045
33642
33606
516902
523902
515050
526506
524175
525154
522338
512484
518399
513905
524835
508786
507799
511807
518794
511051
523785
522113
511038
507936
510985
513915
516849
522839
527168
512507
511456
507039
521940
524314
523326
523218
526266
526516
29983
519517
518404
522487
523478
510788
28843
28845
33411
33734
33200
519218
515890
526343
523753
509991
524959
522777
30363
526065
509060
525043
512775
514985
513873
510984
32948
524853
513075
515253
524776
524079
32706
512759
521953
509024
519990
516186
523162
516144
514494
518451
517461
29770
522771
510999
525040
69298
514063
32758
520284
510080
521755
508004
33106
33415
33484
33126
33704
511039
513932
515742
510310
519818
509303
508814
520453
515261
513263
512038
510095
518759
506839
516414
515448
510040
32642
511022
522082
519861
524883
522775
29272
30387
526136
517013
521737
517472
29895
28586
512276
509034
513918
508731
509272
29168
513479
522295
32730
521254
507057
511446
525137
527179
508135
523917
520801
509753
511760
33516
523991
518175
516196
525196
522193
519191
520159
514458
510828
508830
515910
508892
520943
514478
511463
509328
515447
516152
508236
514779
29730
508862
515835
521824
514887
520811
519817
516759
515106
509897
525066
32790
33347
513054
518318
525208
511257
509118
509926
509279
517957
524073
521058
508788
33172
33600
33331
506876
517979
525758
514742
508833
515747
515736
516117
510059
512959
515034
33451
29939
514451
512251
516163
521122
507012
28865
519749
507899
507912
520851
510005
33034
524791
511165
33676
516224
522191
522187
520070
522296
512115
521370
523462
515432
522844
518901
517894
508818
516826
149898
519812
510765
520797
517794
525751
522934
524747
512100
524082
514094
516960
30724
518039
521037
32756
33202
523117
508714
525825
511887
520775
527164
510745
508873
520439
519507
509113
512482
511473
525151
524182
524216
518324
524028
510711
522772
525929
508928
524299
510184
523493
523465
518062
33250
33604
32724
32676
33008
32742
510025
30770
521051
519082
523125
516852
507868
33315
514897
525057
525216
515191
525187
511792
515087
519859
523168
32770
518892
525835
521799
525128
510983
521819
138852
514442
33258
517828
32704
519495
519523
33094
515065
29440
509707
513494
514736
138858
510825
511734
522160
508890
526317
519956
514008
514309
512815
521888
519864
520417
515425
507069
508341
29915
524223
520979
510154
520140
523255
526223
511233
520169
518156
512126
515321
523498
511448
522792
520117
515943
523766
513770
511743
519070
514043
525023
33572
33391
510851
518178
524065
510084
511091
32888
513280
512841
515027
521098
510800
512050
515100
525966
511030
507952
522103
509743
522745
512827
507823
69309
516825
510792
510328
29470
517450
516110
519066
511093
33288
515254
509104
508349
512077
510865
514763
512485
526232
510161
512167
516264
511266
523173
509136
516153
511242
514975
522304
519808
519979
526270
515182
518331
520019
516912
518287
519741
511441
515074
511199
33634
33006
29390
506882
28907
513874
33060
520084
28952
509040
510065
28960
516966
512966
28968
507942
518035
515784
517220
525129
511794
512476
506715
513841
509297
520227
507066
509055
508781
517899
511467
524337
514898
507867
507895
29316
523977
511286
522074
525891
512076
516015
33401
525972
509714
525075
522873
508880
32828
512766
33122
514438
514491
33274
508880
524886
522529
508722
508243
510114
512719
529654
513088
34857
515459
523978
522478
513179
507852
525200
33030
33108
523085
512489
511886
524061
522863
522211
517941
511183
29394
30768
511903
515089
518860
523011
524125
525038
525077
515012
515079
513734
510337
508328
508946
509217
30253
520080
33088
522051
515810
514744
507711
69584
508705
29969
516020
507801
518041
511007
524926
524914
509860
525915
511906
521892
520888
509067
33584
522093
527174
29975
509170
517452
517001
523801
523075
509269
524208
520467
521070
507914
518948
520873
524064
517291
28899
508225
507727
33357
520799
510343
522087
516291
517278
524536
29512
510988
522222
519531
28887
518990
512149
508824
526024
521766
521010
520096
514047
519112
526055
525402
525135
33022
138837
516148
512936
512868
508743
510759
515799
515451
516879
524923
521268
518161
514855
522148
524092
33720
515772
518100
515238
524899
524081
522107
523076
521087
521038
519055
33140
33014
33132
33154
32750
525973
525131
518097
516397
514484
514805
507822
511746
33321
33532
511000
509997
509766
507852
511033
507928
520048
506880
524927
508329
138835
515038
524122
523860
523502
522871
523096
522044
521813
518430
519869
519527
33120
32680
30035
526115
507776
510334
525055
523489
523057
520224
518185
525171
519197
524214
520055
526483
512468
509925
517944
507838
516288
514437
509331
948796
4529048
514287
516045
516529
525419
526096
518317
516215






522058
523777






520007
520856
30782
522147
512490
514107
515858
515758
515194
524318
523211
521970
521816
520125
526274
512219
30700
509199
513831
523206
509062
515920
515837
524500
518414
518155
517838
33361
526099
32708
513221
517867
509935
508158
508044
507897
520069
515080
28936
512501
516973
520152
519128
518797
510036
28901
513893
517741
527171
523817
524758
521873
518866
511062
29833
516963
522944
516876
520787
506727
513001
30449
508981
510959
522121
511162
511105

523784

523939
509009
509066
509131
514006
513935
516970
520075
521113
32976
518964
517895
516405
517783
518050
525740
525802
511764
514446
514954
29002
29340
29306
508262
509265
509858
509193
508881
510033
516398
508756
509152
518839
512826
515771
524027
512171
518898
515433
521846
32826
512726
30349
33124
507900
69310
511023
509311
33303
33204
512928
508877
30227
33290
33208
518106
32752
32754
518118
514809
507896
517927
514292
510004
507940
509708
30772
514769
524147
509192
514453
506817
33427
516303
525136
521189
522045
522034
522052
512811
511043
515277
510738
512033
515769
507762
507734
515780
510749
33526
508037
507806
509728
507957
511010
33640
507696
510254
508761
512041
515734
513478
509018
513862
524030
524068
524518
524768
524498
516882
522108
522896
519792
521084
33210
32760
33084
33056
525411
518961
522273
513495
514023
510123
30205
30407
525975
33309
512018
32812
513468
518064
516184
512117
516427
509302
523737
515068
516801
509705
520045
521871
512043
514092
28857
525035
516765
511430
518132
525153
512124
507844
516213
516014
512186
525192
525408
525935
513198
517470
511729
511086
516055
524117
506845
508736
509315
512020
516968
522497
512864
506874
517918
507949
523811
512260
28988
509874
510115
513953
527159
33582
517744
517128
510989
510853
512062
523128
29905
519960
29300
28697
511758
117518
518256
510739
518741
514817
29332
507944
522849
525304
524940
524847
519178
518262
516399
516287
515297
514446
514155
511900
34489
513887
512300
519797
523858
511965
510928
516138
32993
30033
525850
29468
507680
510036
30734
511754
516973
520098
518838
521978
520923
508350
514903
507755
511089
29947
523515
512968
512028
507719
525765
506838
526058
510856
508036
510740
519793
520068
510997
33246
523790
525809
32716
517068
521358
518844
519769
511432
513477
29907
521116
520087
508169
518954
512056
525768
29634
515795
512760
518394
524524
508028
519995
523101
518930
519459
32786
33090
525036
524854
509775
521818
512174
30353
518379
520034
521284
513210
509223
512975
526156
519831
517856
523831
33409
509916
520450
516187
518119
523165
520819
32768
515814
28847
508111
517511
28855
33224
520537
520824
30411
519834
518073
513853
513998
33050
522897
510253
506870
512833
512901
524153
519150
507769
517123
516231
508979
519002
517093
514766
522475
517813
516038
509086
515416
513156
508220
524173
525817
525033
517756
511219
514463
518019
510720
33612
525329
514840
516860
509796
523794
948816
508271
525950
525910
518422
52394
51987
51990
52391
515475
518449
4508522
4533587
4533587
517736
4535189
4535308
4534678
4535716
514473
514480
519810
948013
948017
4533140
4532677
4532401
4532111
4532394
4531753
4530867
4530863
4528650
4529649
4528633
4528630
4533071
29220
32989
509299
510361
523196
526204
517750
28578
524496
512949
514027
522827
517485
510948
519796
516807
513050
525051
519804
506840
518798
518114
521088
511018
518057
516883
519936
514914
526496
511989
519265
520167
511502
511500
508218
515423
507834
519798
511789
514293
511993
519939
516752
513720
522305
510263
59382
514778
514959
517040
511941
517999
514127
523517
33698
524532
515461
33702
28891
29480
524780
524884
511241
511239
29927
526040
516043
514040
520044
519219
515744
513196
114808
507959
508896
524121
526010
522134
519765
514440
516133
526512
516265
520488
511258
524315
517244
511157
508844
515919
524178
29060
510045
512980
521076
516088
519133
514721
511881
523773
519902
517447
519466
32966
516137
515237
520291
519205
521280
512309
508931
517070
513070
526240
518018
512302
511705
32858
28992
33128
33078
526191
514217
527132
519836
523324
28647
511148
524267
517230
520107
510090
513768
510817
525864
517763
511783
514851
510827
520910
526070
516172
509162
508242
521100
515932
510187
526164
519242
523250
516247
515127
526184
513122
516239
526170
30307
514223
509257
518135
514221
523269
519258
512254
511151
526209
516297
519299
519282
518264
525229
514203
513312
508146
519234
521329
516236
29861
524249
525237
512233
519275
29392
517192
511158
519319
28713
519317
510277
525308
508924
511187
513115
517241
521216
28721
524963
513976
517063
510925
29692
509933
516268
523277
514246
510237
28663
521955
28725
517987
518165
521286
510370
524881
517915
526262
512900
521814
520228
510061
522024
509899
523052
510980
514962
518980
513970
513960
525215
508206
508753
30095
29122
29965
29158
30047
29152
29366
516804
522753
520840
519747
517748
524113
524108
525088
518448
519148
515993
519905
524020
518935
526492
521993
508184
522177
516434
508057
523507
516421
525836
507698
518014
510826
509773
508752
515982
30009
511722
518208
521334
28966



521281
517044
508049
516261
510285
514481
511270
513268
509145
509115
519500
518398
519476
509876
516731
508821
508784
506843
515779
507789
518787
524775
526081
522933
514820
526009
520130
507939
522941
516068
522057
526112
521046
33646
29034
28964
29188
30167
30191
32916
515260
516411
507015
524163
517467
520143
524181
514432
525049
509180
512193
520142
517936
520017
520025
518193
511164
527190
32836
511484
32824
28978
522810
508098
522786
524913
522185
521392
29364
517466
510896
508273
517778
513837
514758
523207
508060
523810
510756
514843
518782
508740
511877
517851
509833
517848
524110
513020
512963
514915
521828
525874
518408
508320
508293
517273
524199
521199
518319
511999
509051
512871
33435
32997
525334
524083
517793
521378
36547
529070
518937
516936
509042
525945
513874
521779
521783
514858
514862
513840
512481
519484
509320
512494
511445
522493
515470
513272
 514190
518942
509031
511054
516782
509884
515916
28990
33502
29827
524815
138868
520832
523822
524032
516391
509273
523910
29783
29346
30780
29568
30381
32886
39887
28885
29544
526312
522175
518153
524195
518149
525164
519163
511221
510110
509865
522794
512862
512859
519791
525860
522851
509847
518858
509829
526053
519767
514818
522918
515739
521750
522091
510050
527166
518040
519057
519051
516938
521761
523056
138864
514830
519521
513732
516017
526319
524005
514253
508160
521988
515228
522153
511422
520854
527177
525791
511849
524774
516876
514753
507878
524754
521108
33425
33365
32918
516096
514106
525027
517935
527161
32672
29508
33168
33389
33407
28592
526751
515184
513936
509911
508769
516278
516176
509138
516159
522157
512143
520191
518431
520423
511833
518406
509300
509818
515735
524844
506873
517770
518757
511084
526034
519742
524130
523122
510069
513013
518065
518055
522049
510077
513046
517883
522141
507756
525964
521120
521416
510293
527178
520768
523001
520746
519497
515109
507753
517465
511625
522916
514089
526016
29004
33634
42203
29388
28588
527147
521218
522951
513029
514097
517130
512000
519208
524990
514159
507966
516190
512754
521412
517519
513225
510836
514847
516848
509840
511711

