4852292
4852306
4852308
4852324
4852337
4852340
4852346
4852352
4852353
4852354
4852362
4852363
4852364
4852365
4852368
4852369
4852370
1411602
4852371
4852413
4852418
4852419
4852426
4852432
4852452
4852453
4852456
4852458
4852459
4852464
4852467
4852470
4852471
4852472
4852473
4440912
4852462
4853787
4853911
4854117
4854123
4854153
4854156
4854157
4854161
4854171
4854174
4854175
4854186
4854190
4854195
4854196
4854199
4854200
4441165
4854205
4854206
4854207
4854208
4854305
4854398
4854415
4854419
4854430
4854431
4854432
4854434
4854436
4854440
4854444
4854448
4854449
4854453
4854455
4854457
4854458
4854468
4854471
4441375
4713710
4854479
4854676
4854731
4854730
4854732
4854745
4854746
4854748
4854752
4854753
4854754
4854756
4854757
4854758
4854762
4854761
4854855
4854857
4854876
4441873
4854997
4855052
4855058
4855083
4855091
4855093
4855094
4855095
4855099
4855101
4855103
4855105
4855107
4855109
4855110
4855111
4855113
4855114
4855130
4855288
4442053
4592092
4855192
4855282
4855294
4855320
4855332
4855333
4855334
4855335
4855340
4855345
4855356
4855361
4855364
4855366
4855431
4855419
4855422
4855426
4855435
4855444
4855452
4855454
4855455
4855458
4855462
4855465
4855464
4855466
4855470
4855476
4855477
4855517
1422405
4855521
4855522
4855527
4855531
4855535
4855534
4855538
4855541
4855551
4855559
4855562
4855563
4855566
4855567
4855569
4855570
4855709
4855710
4856001
4856045
4856046
4856047
4856048
4856054
4856056
4856057
4856060
4855571
4856068
4856070
4856072
4856073
4856077
4856096
4442680
4854742
4856180
4856286
4856295
4856315
4856316
4856318
4856320
4856325
4856329
4856330
4856336
4856339
4856466
4856476
4856683
4442929
4856385
4856492
4856676
4856698
4856738
4856739
4856740
4856742
4856743
4856744
4856745
4856746
4856929
4856934
4856936
4856945
4856948
4856955
4856959
4443149
4856874
4856960
4856983
4856984
4856985
4856987
4856996
4856997
4857000
4857004
4857006
4857007
4857008
4857009
4857010
4443367
4594368
4857197
4857218
4857229
4857271
4857272
4857274
4857279
4857280
4857281
4857290
4857291
4857292
4857293
4857713
4443542
68234
4688141
156017
4857342
4857347
4857350
4857352
4857365
4857370
4857381
4857382
4857383
4857389
4857401
4857407
4857408
4857409
4857415
500795
1434002
1025966
4857455
4857456
4857464
4857466
4857469
4857495
4857499
4857500
4857505
4857506
4857507
4857508
4857509
4857524
4857522
4857829
4857913
4857953
4857954
4857957
4857960
4857963
4857964
4857967
4857968
4857979
4857980
4857986
4857987
4858017
4444167
4858022
4858144
4858181
4858186
4858197
4858204
4858213
4858214
4858215
4858216
4858217
4858219
4858220
4858222
4858223
4858245
4444417
4858254
4858462
4858498
4858499
4858502
4858504
4858505
4858507
4858509
4858514
4858516
4858517
4858519
4858522
4444666
4858737
4858839
4858876
4858898
4858900
4858903
4858905
4858908
4858914
4858924
4858941
4858946
4859086
4447483
4596965
4858950
4858953
4859068
4859069
4859071
4859075
4859091
4859094
4859098
4859121
4859122
4859136
4859135
4859138
4859140
4859141
4859142
4859144
4859145
4859146
4859147
4859148
4859199
4859204
4859208
4859224
4859231
4859235
4859241
4859242
4859243
4859251
4859259
4859260
4859267
4859268
1446551
4585780
4487147
4859308
4859309
4859317
4859319
4859320
4859324
4859337
4859339
4859341
4859345
4859349
4859352
4859353
4859356
4859357
3884644
4859564
4859710
4859358
4859740
4859748
4859750
4859749
4859754
4859760
4859763
4859764
4859769
4859770
4859771
4859773
4859776
4859854
3887627
4448212
4859878
4859992
4860010
4860014
4860019
4860028
4860029
4860030
4860032
4860038
4860040
4860041
4860045
4860046
4860047
4860048
4860325
3889667
4448386
4860288
4860370
4860397
4860398
4860399
4860401
4860405
4860410
4860411
4860417
4860418
4860419
4860422
4860424
3892201
4448584
4860450
4860619
4860741
4860751
4860759
4860760
4860761
4860762
4860768
4860771
4860776
4860782
4860784
4860785
4860786
3893883
4448839
4599913
4860840
4860972
4860976
4861102
4861103
4861106
4861108
4861116
4861117
4861122
4861124
4861125
4861129
4861185
4862469
4447661
4449078
3920841
4861174
4861179
4861187
4861188
4861197
4861200
4861211
4861212
4861213
4861215
4861217
4861222
4861223
4861224
4861226
4861236
4862679
1478823
4588546
4861277
4861279
4861282
4861298
4861302
4861305
4861306
4861314
4861315
4861317
4861318
4861320
4862830
4861321
4862436
4862615
4862703
4862723
4862725
4862726
4862727
4862732
4862735
4862736
4862740
4862741
4862742
4862744
4862749
4862748
4862750
4862751
4862829
4862902
3895712
4449681
4862844
4862967
4862998
4863001
4863010
4863012
4863013
4863017
4863020
4863022
4863024
4863027
4863030
4863035
4863036
4863120
1258036
3898275
4450068
4463041
4863084
4863158
4863310
4863315
4863316
4863319
4863322
4863323
4863328
4863334
4863335
4863336
4863337
4863338
4863342
4863343
4863358
1258929
3900445
4450331
4863501
4863618
4863642
4863651
4863652
4863653
4863658
4863660
4863661
4863668
4863669
4863670
4863672
4863673
4863674
4450601
4863903
4863914
4863915
4863917
4863918
4863927
4863929
4863941
4863942
4863943
4863944
4863946
4863952
4863953
4863963
4450873
4863945
4863951
4863957
4863969
4863976
4863977
4863979
4863981
4863987
4863986
4863991
4863994
4863995
4863996
4864233
4714420
4864014
4864015
4864029
4864030
4864036
4864037
4864046
4864049
4864051
4864053
4864054
4864056
4864057
4864082
4864207
4864285
4601849
1263015
3902656
4640776
4864055
4864182
4864193
4864537
4864548
4864560
4864561
4864562
4864571
4864572
4864575
4864576
4864580
4864581
4864582
4864588
4864587
4864589
4864610
1263813
3907723
4864609
4864738
4864748
4864756
4864758
4864759
4864764
4864765
4864768
4864769
4864772
4864774
4864777
4864778
4864995
1265189
3910323
4864986
4865087
4865127
4865133
4865135
4865134
4865141
4865142
4865146
4865147
4865148
4865152
4865153
4865155
4865171
1266234
3912250
4865170
4865271
4865275
4865285
4865286
4865284
4865291
4865292
4865297
4865303
4865304
4865313
4865317
4865318
4865319
4865320
4865327
1268597
3914498
4865342
4865488
4865513
4865514
4865516
4865517
4865522
4865523
4865525
4865530
4865532
4865535
4865536
4865615
144735
4865587
4865593
4865605
4865607
4865609
4865616
4865623
4865626
4865627
4865631
4865635
4865636
4865643
4590404
4716779
4865687
4865688
4865700
4865706
4865711
4865713
4865727
4867901
4867929
4867930
4867932
4867934
4867926
4603356
3917552
4865726
4867907
4868180
4868210
4868214
4868215
4868216
4868219
4868222
4868225
4868227
4868230
4868234
4868236
4868238
4868239
4868240
4868379
3928921
4868332
4868387
4868412
4868413
4868414
4868415
4868420
4868422
4868424
4868427
4868428
4868431
4868433
4868434
4868435
4869282
4869416
4869445
4869447
4869452
4869453
4869454
4869456
4869459
4869462
4869464
4869468
4869469
4869471
4869475
4869476
4869510
3943645
4869563
4869770
4869874
4869875
4869876
4869877
4869881
4869882
4869886
4869887
4869889
4869890
4869891
4869892
4869893
4869897
3947232
4869954
4870015
4870032
4870033
4870034
4870035
4870038
4870040
4870042
4870046
4870048
4870053
4870055
4870056
4689576
4870104
4870112
4870121
4870123
4870124
4870126
4870127
4870132
4870134
4870135
4870136
4592093
4870186
4870194
4870201
4870206
4870209
4870211
4870223
4870224
4870230
4870231
4870234
3949775
4870235
4870292
4870610
4870654
4870661
4870662
4870664
4870666
4870678
4870682
4870689
4870690
4870693
4870695
4870696
4870698
4870740
3951848
4870743
4870824
4871292
4871293
4871294
4871295
4871302
4871305
4871307
4871310
4871312
4871313
3953413
4871412
4871604
4871630
4871629
4871631
4871632
4871638
4871640
4871644
4871646
4871647
4871648
4871654
4871655
4039673
4871699
4871803
4871852
4871853
4871854
4871855
4871863
4871864
4871865
4871869
4871870
4871875
4871877
4871878
4185262
4871903
4872055
4872084
4872085
4872086
4872087
4872092
4872098
4872099
4872102
4872104
4872105
1489703
4872153
4872158
4872168
4872169
4872171
4872174
4872177
4872181
4872182
4596966
4719341
4872228
4872232
4872242
4872243
4872246
4872250
4872255
4872258
4872260
4872263
4872265
4872266
4247416
4872402
4872594
4872622
4872623
4872626
4872637
4872641
4872642
4872643
4872646
4872647
4872648
4872652
4872653
4302279
121749
4872741
4872809
4872844
4872846
4872847
4872855
4872861
4872862
4872863
4872866
4872867
4872871
4872872
4356557
4873035
4873149
4873178
4873180
4873181
4873187
4873189
4873193
4873194
4873195
4873197
4873198
4361351
4873481
4873500
4873508
4873509
4873511
4873512
4873513
4873515
4873519
4873520
4873522
4873527
4873529
4873538
4362975
4873544
4873653
4873689
4873691
4873695
4873702
4873703
4873709
4873710
4873712
4873713
4873716
4873717
4873767
4873776
4873784
4873785
4873786
4873789
4873790
4873798
4873799
4873800
4873806
4873807
4599915
4721363
4873856
4873874
4873876
4873878
4873884
4873886
4873892
4873895
4873899
4873966
4364701
4874017
4874201
4874236
4874237
4874239
4874242
4874250
4874253
4874256
4874262
4874263
4874343
4874394
4366374
4874361
4874567
4874591
4874592
4874593
4874596
4874606
4874609
4874611
4874613
4874619
4874620
4875111
4369223
4720864
4874846
4874892
4874919
4874920
4874921
4874922
4874931
4874932
4874933
4874935
4874936
4874940
4874941
4874953
4378043
1645564
4875019
4875098
4875122
4875123
4875124
4875125
4875131
4875132
4875133
4875144
4875146
4875148
4875149
4875159
4875160
4875161
1260102
4382396
4875192
4875287
4875306
4875315
4875316
4875317
4875324
4875330
4875335
4875337
4875338
4875340
4875341
4875342
4875396
4875411
4875416
4875419
4875424
4875425
4875429
4875431
4875430
4876704
4601846
4723262
4875442
4875489
4875492
4875498
4875513
4875514
4875521
4875523
4875527
4875531
4875534
4875535
4875538
3942012
4875597
4876016
4876026
4876046
4876047
4876054
4876055
4876056
4876057
4876064
4876069
4876073
4876075
4876077
4876081
4876083
4876086
4876087
4876089
4876091
4876092
4876093
4876095
1270631
4384019
4385901
4876109
4876314
4876338
4876342
4876348
4876357
4876360
4876365
4876369
4876371
4876375
4876377
4876387
4876402
4876405
4876414
4876568
4876612
4876627
4876658
4876663
4387528
4722819
4876596
4876659
4876697
4876700
4876715
4876716
4876717
4876729
4876734
4876735
4876739
4876743
4876745
4876747
4876750
4876751
4876752
4876756
4876758
4876760
4876763
4876764
4876765
1272139
4876782
4876902
4876929
4876963
4876965
4876966
4876969
4876974
4876975
4876977
4876984
4876991
4876993
4876994
4876999
4877001
4877004
4877005
4877006
4877010
4877012
4877014
4877015
4877017
4877499
4877045
4877242
4877258
4877260
4877261
4877269
4877271
4877279
4877282
4877285
4877287
4877291
4877294
4877295
4877296
4877298
4877299
4877300
4877301
4453143
4877354
4877357
4877370
4877373
4877375
4877377
4877380
4877384
4877385
4877386
4877389
4877394
4877854
4603354
4725313
4877454
4877456
4877471
4877470
4877476
4877477
4877480
4877484
4877491
4877492
4877498
4877500
3713013
4877530
4877827
4877867
4877868
4877874
4877877
4877888
4877890
4877897
4877899
4877901
4877903
4877905
4877959
4878063
4878099
4878103
4878104
4878111
4878116
4878119
4878122
4878125
4878126
4878128
4878129
4878155
4878304
4878329
4878331
4878332
4878335
4878341
4878343
4878344
4878345
4878348
4878349
4878527
4878632
4878657
4878658
4878659
4878661
4878667
4878672
4878674
4878676
4878679
4878681
4878683
4878684
4878704
4878850
4878888
4878895
4878902
4878903
4878904
4878905
4878906
4878907
4878910
4878911
4878912
4878959
4878962
4878983
4878987
4878990
4878991
4878995
4878994
4878999
4879002
4879007
4879006
4879008
4879012
4879013
4727053
4879059
4879066
4879069
4879070
4879071
4879085
4879086
4879087
4879091
4879093
4879103
4879104
4879105
4879389
4879450
4879506
4879509
4879510
4879514
4879522
4879530
4879532
4879536
4879538
4879539
4879541
4879542
4879612
4879702
4879735
4879764
4879767
4879769
4879771
4879780
4879782
4879786
4879787
4879788
4879789
2835066
4879811
4879905
4879949
4879952
4879953
4879954
4879959
4879960
4879962
4879963
4879964
4879966
4879967
4879995
4880086
4880124
4880127
4880131
4880133
4880138
4880139
4880140
4880141
4880144
4880145
4880146
4880147
4880268
4880388
4880517
4880533
4880535
4880537
4880539
4880542
4880549
4880550
4880557
4880560
4880562
4880563
4880564
4880565
4880585
4880589
4880593
4880597
4880634
4880636
4880637
4880639
4880641
4880643
4880644
4880648
4880652
4880655
4880656
4880660
4880668
4880669
4880667
4880985
4880984
4880987
4880682
4880687
4880692
4880694
4880759
4880786
4880794
4880795
4880796
4880798
4880799
4880801
4880802
4880808
4880809
4880814
4880819
4880823
4880834
4880952
4880991
4880813
4880968
4881074
4881118
4881135
4881137
4881136
4881145
4881148
4881149
4881152
4881153
4881154
4881158
4881160
4881161
4881162
4881165
4881228
4881358
4881380
4881395
4881405
4881407
4881408
4881410
4881422
4881423
4881426
4881437
4881436
4881438
4881439
4881444
4881445
5014131
4881476
4881593
4881613
4881622
4881626
4881632
4881633
4881635
4881637
4881647
4881648
4881656
4881657
4881658
4881659
4881660
4881663
4881861
4789020
4881772
4881873
4881911
4881915
4881928
4881929
4881930
4881937
4881938
4881941
4881942
4881951
4881957
4881956
4881958
4881959
4881960
4881961
4882131
4882178
4882190
4882197
4882201
4882208
4882209
4882210
4882218
4882220
4882221
4882223
4882228
4882230
4882231
4882233
4882236
4882237
4882238
4882239
4882243
4882296
4882298
4882302
4882314
4882333
4882342
4882343
4882348
4882349
4882350
4882353
4882356
4882359
4882358
4882365
4882367
4882369
4882371
4882372
4882373
4882378
4882377
4882380
4882416
4882418
4882421
4882423
4882426
4882427
4882433
4882438
4882442
4882447
4882448
4882449
4882463
4882467
4882469
4882471
4882474
4882475
4882476
4882482
4882486
4882490
4882492
4882495
4882494
4882496
4882782
4882498
4882681
4882810
4882851
4882865
4882872
4882873
4882874
4882886
4882889
4882890
4882892
4882893
4882894
4882896
4882897
4882898
4882899
4882901
4882902
4882989
4883019
4883047
4883048
4883056
4883068
4883070
4883071
4883074
4883080
4883081
4883083
4883088
4883089
4883090
4883091
4883092
4883093
4883177
4883389
4883394
4883425
4883429
4883432
4883450
4883451
4883452
4883453
4883459
4883460
4883463
4883465
4883466
4883467
4883470
4883471
4883473
4883675
4883639
4883681
4883690
4883697
4883704
4883706
4883707
4883718
4883720
4883723
4883727
4883728
4883731
4883732
4883733
4883734
4883735
4883736
4883762
4883985
4884014
4884017
4884021
4884029
4884030
4884031
4884040
4884041
4884042
4884043
4884045
4884046
4884048
4884049
4884053
4884054
4884055
4884056
4882889
4884100
4884110
4884112
4884122
4884129
4884131
4884135
4884136
4884142
4884143
4884144
4884145
4884146
4884147
4884150
4884152
4884153
4884169
4884168
4884170
4884171
4884172
4884173
4884181
4884217
4884218
4884224
4884225
4884226
4884229
4884236
4884238
4884242
4884250
4884265
4884267
4884269
4884272
4884274
4884276
4884277
4884279
4884280
4884281
4884282
4884283
4884285
4884289
4884293
4884294
4884295
4884296
4884300
4884591
4884365
4884298
4884611
4884650
4884658
4884659
4884660
4884665
4884666
4884667
4884676
4884680
4884681
4884682
4884683
4884684
4884685
4884686
4884775
4884737
4884804
4884812
4884814
4884823
4884824
4884828
4884827
4884829
4884830
4884833
4884837
4884840
4884844
4884847
4884848
4884849
4884872
4885105
4885155
4885195
4885199
4885206
4885209
4885210
4885212
4885216
4885218
4885219
4885220
4885221
4885222
4885223
4885227
4885229
4885230
4885286
4885393
4885454
4885463
4885465
4885466
4885472
4885474
4885475
4885476
4885479
4885482
4885483
4885484
4885485
4885486
4885487
4885569
4885734
4885879
4885888
4885895
4885898
4885899
4885910
4885914
4885915
4885918
4885921
4885922
4885923
4885926
4885925
4885931
4885930
4885932
4885933
4885978
4885979
4885984
4885985
4885988
4885991
4886000
4886010
4886014
4886021
4886026
4886031
4886032
4886033
4886035
4886037
4886038
4886041
4886042
4886044
4886046
4886049
4886051
4886053
4886057
4886058
4886017
4886098
4886100
4886102
4886103
4886106
4886112
4886113
4886114
4886115
4886126
4886140
4886141
4886143
4886145
4886146
4886148
4886149
4886151
4886154
4886156
4886158
4886161
4886163
4886164
4886165
4886167
4886168
4886184
4886453
4886169
4886295
4886478
4886521
4886523
4886528
4886529
4886531
4886537
4886538
4886539
4886541
4886543
4886544
4886545
4886546
4886547
4886549
4856048
4886626
4886677
4886717
4886729
4886730
4886740
4886741
4886742
4886743
4886749
4886751
4886755
4886757
4886758
4886760
4886761
4886762
4886764
4886939
4887059
4887106
4887109
4887114
4887121
4887123
4887125
4887126
4887131
4887133
4887137
4887139
4887140
4887141
4887142
4887143
4887144
4887199
4857954
4887266
4887307
4887323
4887333
4887334
4887336
4887338
4887340
4887343
4887349
4887351
4887354
4887355
4887356
4887358
4887359
4887360
4887489
4887696
4887761
4887958
4888053
4888069
4888103
4888106
4888125
4888127
4888227
4888241
4888253
4888255
4888304
4888314
4888337
4888340
4888388
4888386
4888399
4888447
4888459
4889672
4889003
4889047
4889099
4889169
4889205
4889292
4889379
4889472
4889491
4889555
4889559
4889593
4889632
4889692
4889699
4889703
4889714
4889732
4889769
4889780
4889822
4889826
4889854
4889863
4891219
4892589
4890400
4890437
4890447
4890644
4890661
4890706
4890767
4890779
4890937
4890939
4890953
4890972
4890975
4890988
4891004
4891010
4891278
4891286
4891298
4891302
4891312
4891317
4891329
4891249
4891822
4891267
4891245
4891282
4891320
4891324
4891338
4892312
4892419
4893061
4893071
4893081
4893222
4893249
4893329
4893339
4893361
4893387
4893471
4893580
4893597
4893604
4893665
4893689
4887349
4894664
4895181
4895497
4895741
4895850
4895866
4895877
4896009
4896291
4896304
4896309
4896507
4896655
4896662
4896669
4896738
4896749
4897408
4897926
4898115
4898505
4898686
4898809
4898816
4898918
4898982
4899005
4899029
4899136
4899225
4899281
4899328
4899371
4899421
4899442
4900681
276999
4900432
4901117
4901635
4901756
4901761
4901779
4901899
4901989
4901994
4902009
4902051
4902126
4902157
4902218
4902247
4902332
4902355
4903545
4903763
4903787
4903796
4903798
4903801
4903802
4903806
4903807
4903819
4903820
4903821
4903823
4903825
4903824
4903826
4903827
4903828
4903829
4903831
4903833
4903925
4903837
4903880
4903882
4903889
4903890
4903895
4903896
4903902
4903907
4903913
4903930
4903931
4903932
4903935
4903936
4903938
4903939
4903940
4903941
4903943
4903945
4903948
4903949
4903950
4903951
4903952
4903997
4903999
4904001
4904002
4904004
4904006
4904013
4904014
4904018
4904023
4904025
4904027
4904039
4904040
4904042
4904045
4904046
4904052
4904056
4904057
4904059
4904061
4904062
4904064
4904065
4904070
4904071
4904072
4904074
4904077
4904234
4904075
4904078
4904079
4904080
4904157
4904246
4904289
4904300
4904301
4904304
4904309
4904310
4904312
4904315
4904317
4904318
4904320
4904321
4904322
4904323
4904324
4904326
4904023
4904409
4904423
4904439
4904452
4904459
4904460
4904461
4904463
4904476
4904478
4904479
4904485
4904487
4904489
4904490
4904586
4904600
4904726
4904778
4904809
4904819
4904829
4904830
4904831
4904832
4904838
4904839
4904842
4904844
4904845
4904846
4904847
4904848
4904850
4904851
4904898
4905000
4905027
4905034
4905037
4905038
4905047
4905049
4905054
4905055
4905056
4905058
4905059
4905060
4905061
4905063
4905128
4905207
4905246
4905276
4905279
4905290
4905296
4905298
4905316
4905317
4905318
4905320
4905321
4905322
4905324
4905325
4905326
4905327
4905328
4905329
4905330
4905337
4905822
4905821
4905817
4905816
4751636
4905385
4905387
4905395
4905396
4905397
4905399
4905407
4905433
4905438
4905445
4905446
4905447
4905449
4905451
4905452
4905454
4905455
4905457
4905458
4905460
4905464
4905465
4905466
4905513
4905515
4905517
4905518
4905521
4905522
4905528
4905529
4905533
4905538
4905552
4905555
4905563
4905562
4905564
4905565
4905570
4905571
4905572
4905573
4905574
4905576
4905577
4905579
4905581
4905582
4905583
4905584
4905585
4905587
4905586
4905700
4905591
4905926
4905962
4905973
4905974
4905975
4905984
4905985
4905986
4905989
4905993
4905994
4905996
4905998
4905999
4906000
4906001
4906002
4906004
4906023
4906109
4906119
4906122
4906125
4906124
4906128
4906132
4906133
4906135
4906140
4906141
4906142
4906405
4906411
4906421
4906419
4906423
4906428
4906457
4906464
4906472
4906476
4906477
4906479
4906485
4906487
4906490
4906492
4906493
4906494
4906495
4906496
4906498
4911035
4906640
4906744
4906874
4906884
4906885
4906886
4906891
4906893
4906894
4906896
4906897
4906900
4906901
4906902
4906903
4906905
4906906
4907036
4907151
4907173
4907185
4907191
4907196
4907197
4907198
4907205
4907207
4907208
4907209
4907211
4907212
4907213
4907214
4907215
4907216
4907217
4907221
4907220
4907223
4907266
4907267
4907271
4907273
4907276
4907278
4907288
4907293
4907301
4907309
4907310
4907311
4907313
4907314
4907318
4907319
4907321
4907322
4907324
4907325
4907327
4907328
4907330
4907331
4907332
4907336
4907414
4907416
4907418
4907419
4907423
4907427
4907429
4907430
4907431
4907436
4907439
4907452
4907454
4907455
4907456
4907458
4907459
4907460
4907461
4907462
4907463
4907465
4907469
4907471
4907473
4907476
4907477
4907478
4907479
4907481
4907974
4907480
4907485
4907940
4907992
4908048
4908049
4908050
4908058
4908064
4908067
4908068
4908070
4908072
4908075
4908078
4908079
4908082
4908083
4908084
4908086
4908194
4908332
4908389
4908392
4908394
4908397
4908398
4908399
4908400
4908403
4908407
4908410
4908413
4908414
4908415
4908416
4908417
4908432
4908718
4908909
4908954
4908968
4908970
4908972
4908974
4908979
4908980
4908982
4908984
4908987
4908990
4908991
4908992
4908994
4908995
4909163
4909280
4909311
4909312
4909318
4909320
4909322
4909323
4909326
4909327
4909331
4909332
4909333
4909335
4909336
4909337
4909417
4909554
4909756
4909783
4909797
4909800
4909801
4909809
4909810
4909811
4909812
4909814
4909815
4909816
4909817
4909819
4909820
4909822
4909823
4909824
4909825
4907301
4909925
4909927
4909933
4909934
4909936
4909946
4909954
4909959
4909960
4909967
4909968
4909971
4909973
4909974
4909975
4909976
4909977
4909980
4909983
4909986
4909987
4909992
4909993
4909995
4910005
4910661
4910039
4910040
4910043
4910045
4910051
4910052
4910056
4910059
4910060
4910069
4910074
4910076
4910077
4910079
4910080
4910081
4910083
4910084
4910085
4910087
4910089
4910090
4910091
4910093
4910096
4910097
4910098
4910099
4910102
4910277
4910101
4910329
4910491
4910512
4910540
4910546
4910550
4910551
4910556
4910561
4910562
4910563
4910565
4910567
4910568
4910575
4910576
4910577
4910580
4910581
4910586
5019375
4910585
4910639
4910691
4910707
4910734
4910746
4910757
4910758
4910760
4910765
4910770
4910772
4910775
4910778
4910779
4910781
4910782
4910783
4910784
4910785
4910786
4909973
4910811
4910964
4911076
4911124
4911125
4911128
4911132
4911140
4911142
4911147
4911150
4911151
4911152
4911153
4911155
4911156
4911157
4911351
4911154
4911240
4911357
4911368
4911410
4911420
4911419
4911421
4911425
4911429
4911431
4911433
4911434
4911437
4911440
4911441
4911442
4911443
4911444
4911446
4911448
4911445
4911647
4911686
4911703
4911715
4911719
4911720
4911725
4911726
4911733
4911737
4911738
4911739
4911741
4911742
4911744
4911746
4911747
4911748
4911749
4911750
4911751
4911752
4911797
4911801
4911803
4911807
4911808
4911810
4911811
4911814
4911815
4911816
4911820
4911827
4911830
4911832
4911833
4911834
4911837
4911840
4911841
4911842
4911843
4911845
4911846
4911851
4911852
4911853
4911854
4911855
4911859
4911898
4911902
4911904
4911906
4911910
4911911
4911913
4911917
4911920
4911922
4911935
4911939
4911942
4911943
4911944
4911946
4911949
4911950
4911951
4911952
4911954
4911960
4911959
4911969
4911967
4911966
4911964
4911965
4911963
4912413
4912452
4912296
4912417
4912446
4912472
4912482
4912484
4912485
4912490
4912491
4912492
4912493
4912495
4912497
4912502
4912504
4912505
4912506
4912507
4912508
4912509
5011671
96501
4912450
4912600
4912631
4912642
4912654
4912661
4912663
4912664
4912672
4912676
4912677
4912678
4912679
4912684
4912686
4912691
4912692
4912693
4912694
4912749
4912986
4913016
4913039
4913040
4913044
4913045
4913051
4913052
4913053
4913058
4913059
4913060
4913061
4913062
4913063
4913064
4913067
4913224
4913276
4913332
4913342
4913344
4913345
4913350
4913351
4913353
4913356
4913360
4913361
4913362
4913363
4913364
4913365
4913368
4913374
4913512
4913561
4913568
4913585
4913592
4913593
4913595
4913596
4913604
4913603
4913605
4913609
4913611
4913616
4913620
4913621
4913622
4913623
4913624
4913625
4913860
4913671
4913676
4913677
4913681
4913686
4913696
4913698
4913706
4913713
4913714
4913715
4913767
4913770
4913772
4913773
4913775
4913782
4913783
4913784
4913785
4913787
4913789
4913802
4913808
4914405
4913752
4913754
4913759
4913760
4913788
4913792
4913794
4913798
4913801
4913805
4913809
4913816
4913820
4913823
4913824
4913826
4913827
4913830
4913831
4913833
4913834
4913835
4913836
4913837
4913839
4913840
4913842
4913847
4913848
4913850
4913851
4913852
4913858
4913859
4913854
4914404
4913853
4914066
4914270
4914296
4914297
4914305
4914306
4914307
4914315
4914316
4914317
4914319
4914321
4914323
4914324
4914326
4914327
4914328
4914329
4914330
4914331
4914334
4914395
4914466
4914489
4914509
4914512
4914519
4914521
4914530
4914532
4914535
4914538
4914541
4914542
4914544
4914545
4914547
4914548
4914549
4914551
4914552
4914556
4914787
4914819
4914834
4914871
4914872
4914873
4914876
4914885
4914895
4914897
4914901
4914902
4914903
4914904
4914905
4914906
4914907
4914916
4916005
4914971
4914975
4915013
4915071
4915077
4915078
4915079
4915088
4915089
4915091
4915096
4915098
4915100
4915103
4915107
4915108
4915109
4915111
4915112
4915126
4915127
4916025
4915136
4915302
4915359
4915378
4915383
4915384
4915388
4915390
4915399
4915400
4915403
4915404
4915406
4915408
4915409
4915411
4915412
4915413
4915414
4915415
4916077
4916102
4915462
4915466
4915469
4915474
4915475
4915479
4915481
4915483
4915488
4915496
4915498
4915499
4915501
4915503
4915505
4915506
4915507
4915508
4915509
4915517
4915518
4915521
4915522
4915523
4915527
4915530
4915570
4915572
4915573
4915574
4915574
4915575
4915576
4915583
4915587
4915586
4915592
4915595
4915596
4915604
4915607
4915608
4915609
4915610
4915611
4915614
4915615
4915616
4915617
4915618
4915619
4915621
4915622
4915624
4915629
4915630
4915631
4915636
4915637
4915641
4915789
4916072
4915635
4915647
4915654
4915794
4915835
4915855
4915859
4915868
4915974
4916022
4916029
4916061
4916125
4916140
4916144
4916158
4916170
4916190
4916200
4916202
4916222
4916226
4916234
4916237
4916238
4916239
4916240
4916244
4916246
4916247
4916250
4916253
4916254
4916255
4916257
4916258
4916259
4916260
4916261
4916263
4916264
4916265
4916268
4916270
4916272
4916274
4916285
4916333
4916358
4916371
4916385
4916387
4916395
4916397
4916398
4916400
4916410
4916411
4916413
4916417
4916421
4916422
4916424
4916425
4916427
4916428
4916708
4916665
4916689
4916723
4916732
4916733
4916737
4916738
4916740
4916743
4916744
4916748
4916749
4916750
4916751
4916752
4916753
4916756
4916755
4916757
4916800
4916895
4916997
4917001
4917008
4917010
4917012
4917015
4917016
4917018
4917020
4917021
4917023
4917028
4917029
4917030
4917031
4917032
4917033
4917034
4917035
4917037
4917060
4917125
4917150
4917161
4917162
4917167
4917168
4917171
4917173
4917180
4917182
4917183
4917184
4917185
4917189
4917192
4917193
4917194
4917195
4917196
4917197
4917244
4917247
4917249
4917250
4917252
4917255
4917263
4917268
4917280
4917281
4917282
4917285
4917287
4917289
4917290
4917292
4917295
4917298
4917301
4917306
4917307
4917308
4917310
4917311
4917316
4480646
4917355
4917355
4917356
4917357
4917358
4917365
4917366
4917367
4917374
4917377
4917385
4917388
4917390
4917392
4917393
4917394
4917395
4917399
4917401
4917402
4917403
4917404
4917405
4917409
4917413
4917414
4917415
4917416
4917430
4917431
4917419
4917689
4917422
4917423
4917495
4917421
4917690
4917417
4917732
4917738
4917748
4917749
4917750
4917754
4917756
4917760
4917763
4917764
4917766
4917768
4917770
4917771
4917772
4917773
4917774
4917776
4917838
4917855
4917868
4917873
4917874
4917880
4917882
4917885
4917884
4917890
4917896
4917898
4917900
4917935
4917986
4918030
4917891
4917893
4917897
4918042
4918059
4918060
4918062
4918061
4918074
4918076
4918077
4918079
4918080
4918084
4917941
4918006
4918085
4918086
4918087
4918088
4918090
4918091
4918092
4918093
4918122
4918171
4918185
4918186
4918197
4918199
4918200
4918204
4918205
4918208
4918211
4918210
4918212
4918214
4918214
4918215
4918216
4918217
4918218
4918224
4918225
4918231
4918232
276989
4732370
4918261
4918335
4918353
4918359
4918373
4918380
4918382
4918386
4918389
4918392
4918397
4918398
4918399
4918401
4918402
4918403
4918407
4918408
4918409
4918410
4918411
4918412
4918413
4918414
4918418
4918460
4918465
4918467
4918468
4918471
4918482
4918487
4918491
4918497
4918499
4918500
4918501
4918502
4918503
4918504
4918505
4918509
4918512
4918514
4918515
4918519
4918523
4918524
4918528
4918530
4918531
4918568
4918746
4918571
4918578
4918579
4918580
4918586
4918587
4918588
4918589
4918591
4918593
4918594
4918596
4918598
4918603
4918741
4918742
4918749
4918749
4918751
4918754
4918755
4918756
4918757
4918760
4918762
4918763
4918767
4918772
4918771
4918776
4918779
4918797
4918819
4918901
4918600
4918725
4918748
4918775
4918906
4918911
4918950
4918952
4918953
4918961
4918962
4918963
4918968
4918970
4918972
4918976
4918980
4918982
4918985
4918986
4918987
4918988
4918989
4918991
4918995
4918996
4918997
4918998
4919053
4919074
4919109
4919120
4919124
4919123
4919137
4919138
4919139
4919140
4919155
4919156
4919159
4919162
4919163
4919165
4919167
4919168
4919169
4919172
4919173
4919177
4919176
4919206
4919432
4919454
4919455
4919461
4919465
4919466
4919469
4919471
4919472
4919477
4919483
4919484
4919486
4919487
4919488
4919489
4919490
4919491
4919494
4919621
1234895
4919535
4919622
4919656
4919659
4919660
4919664
4919665
4919667
4919669
4919670
4919671
4919672
4919674
4919675
4919676
4919679
4919680
4919681
4919682
4919683
4919684
4919685
4919760
4919800
4919812
4919814
4919831
4919841
4919843
4919847
4919848
4919849
4919850
4919858
4919862
4919863
4919864
4919865
4919866
4919867
4919868
4919871
4919872
4920293
4919915
4919919
4919920
4919924
4919926
4919931
4919936
4919943
4919945
4919946
4919948
4919949
4919951
4919953
4919954
4919955
4919956
4919958
4919961
4919966
4919967
4919968
4919969
4920244
4920294
4920010
4920013
4920014
4920014
4920042
4920105
4920106
4920110
4920114
4920115
4920122
4920128
4920133
4920134
4920137
4920139
4920143
4920142
4920144
4920146
4920147
4920149
4920150
4920152
4920154
4920155
4920156
4920158
4920160
4920161
4920162
4920172
4920173
4920281
4920249
4920308
4920166
4920163
4920349
4920365
4920366
4920367
4920369
4920371
4920372
4920374
4920377
4920378
4920380
4920382
4920383
4920386
4920389
4920390
4920393
142368
721167
4920421
4920473
4920482
4920494
4920495
4920504
4920514
4920518
4920519
4920520
4920524
4920526
4920528
4920529
4920532
4920533
4920534
4920535
4920549
4920647
4603196
675047
4920692
4920817
4920823
4920827
4920839
4920844
4920851
4920853
4920855
4920856
4920859
4920860
4920861
4920865
4920866
4920868
4920870
4920871
4920872
4920882
715450
4920880
4920911
4920974
4921062
4921074
4921086
4921087
4921089
4921105
4921110
4921111
4921113
4921114
4921116
4921122
4921122
4921123
4921128
4921129
4921130
4921131
4921132
4921133
105954
718522
4921205
4921230
4921245
4921246
4921269
4921272
4921276
4921277
4921279
4921282
4921283
4921286
4921290
4921291
4921294
4921296
4921297
4921298
4921299
4921300
4921301
4921302
4921304
4921348
4921350
4921355
4921360
4921364
4921374
4921378
4921384
4921386
4921387
4921389
4921391
4921393
4921394
4921395
4921398
4921399
4921400
4921402
4921404
4921408
4921411
4921484
4921947
4921407
4921449
4921455
4921464
4921469
4921471
4921472
4921473
4921476
4921477
4921487
4921488
4921489
4921491
4921493
4921494
4921496
4921497
4921498
4921500
4921502
4921503
4921504
4921505
4921508
4921509
4921510
4921512
4921514
4921519
4921540
4921790
4921513
4921518
4921541
4921793
4921819
4921836
4921842
4921845
4921846
4921852
4921855
4921859
4921861
4921863
4921864
4921865
4921866
4921867
4921869
107555
1154305
4921870
4921872
4921873
4921874
4921875
4921897
4921965
4921987
4921994
4921997
4922004
4922006
4922008
4922011
4922014
4922018
4922021
4922023
4922026
4922030
4922031
4922032
4922036
4922037
4922051
4922074
4922132
4922172
4922175
4922182
4922184
4922185
4922187
4922190
4922192
4922193
4922197
4922196
4922200
4922201
4922204
4922205
4922206
4922207
4922209
4922210
4922211
4922212
4922213
4922214
4922262
4922378
4922442
4922445
4922457
4922458
4922459
4922463
4922468
4922473
4922474
4922475
4922476
4922480
4922481
4922482
4922483
4922484
4922486
4922487
4916997
4922523
4922564
4922584
4922618
4922619
4922630
4922634
4922641
4922645
4922646
4922648
4922650
4922654
4922656
4922657
4922659
4922660
4922661
4922663
4922664
4922666
4922669
4922670
4922671
4922715
4922721
4922722
4922725
4922731
4922739
4922746
4922748
4922756
4922757
4922758
4922761
4922763
4922764
4922765
4922766
4922767
4922769
4922770
4922771
4922772
4922773
4922836
4923108
4922821
4922823
4922825
4922826
4922833
4922839
4922846
4922848
4922849
4922852
4922853
4922855
4922858
4922860
4922862
4922863
4922864
4922866
4922868
4922869
4922870
4922873
4922875
4922877
4922878
4922880
4922881
4922885
4922887
4922888
4922882
4923315
4917161
4922886
4923075
4922884
4923335
4923443
4923456
4923454
4923457
4923458
4923470
4923471
4923472
4923474
4923478
4923484
4923485
4923486
4923489
4923488
4923491
4923490
4923546
4923584
4923623
4923625
4923626
4923628
4923642
4923644
4923646
4923647
4923651
4923652
4923653
4923654
4923657
4923690
4923698
1383123
4923707
4923710
4923714
4923717
4923721
4923722
4923730
4923734
4923740
4923745
4923749
4923752
4923754
4923755
4923758
4923759
4923762
4923765
4923771
4923774
4923778
4923777
1075922
4923787
4923824
4923827
4923829
4923838
4923839
4923844
4923843
4923851
4923852
4923855
4923858
4923864
4923863
4923870
4924034
534907
4923972
4924050
4924061
4924063
4924072
4924078
4924079
4924081
4924082
4924085
4924088
4924091
4924092
4924094
4924095
4924096
4924098
4924099
4924100
4924143
4924146
4924148
4924149
4924159
4924168
4924169
4924170
4924171
4924172
4924173
4924174
4924177
4924178
4924181
4924182
4924183
4924186
4924187
4924188
4924220
4924223
4924226
4924232
4924233
4924237
4924238
4924240
4924243
4924245
4924250
4924251
4924252
4924253
4924254
4924255
4924257
4924258
4924262
4924263
4924264
4924267
4924275
4924278
4924330
4924598
742880
4924387
4924645
4924710
4924717
4924723
4924725
4924728
4924730
4924732
4924735
4924736
4924739
4924742
4924745
4924746
4924747
4924750
1077941
4924749
4924767
4924825
4924834
4924840
4924843
4924845
4924847
4924850
4924851
4924853
4924855
4924856
4924862
4924869
4924873
4924914
4924917
4924941
4924944
4924945
4924947
4924953
4924954
4924960
4924964
4924967
4924968
4924969
4925122
4925234
4925261
4925264
4925266
4925269
4925271
4925272
4925274
4925276
4925277
4925282
4925283
4925287
4925288
4925288
4925289
4925290
4925291
4925292
4925305
4925481
4925516
4925523
4925526
4925528
4925532
4925534
4925537
4925538
4925540
4925541
4925544
4925546
4925552
4925553
4925555
4925556
4925557
4925558
3948647
4925606
4925612
4925614
4925619
4925621
4925622
4925624
4925625
4925629
4925631
4925632
4925633
4925645
4925682
4925691
4925708
4925644
4925696
4925717
4925720
4925722
4925734
4925737
4925739
4925741
4925743
4925746
4925748
4925750
4925751
4925752
4925753
4925756
4925758
4925759
4925760
4925762
4925763
4925764
4925765
4925769
4925772
4929028
4925900
4926116
4926137
4926138
4926143
4926149
4926150
4926151
4926165
4926169
4926171
4926178
4926182
4926184
4926188
4926190
4926191
4926192
4926195
4926266
4926303
4926329
4926338
4926339
4926337
4926342
4926344
4926345
4926347
4926355
4926365
4926367
4926371
4926372
4926373
4926703
4926916
4927031
4927038
4927039
4927043
4927050
4927051
4927056
4927057
4927062
4927066
4927068
4927069
4927070
4927072
4927073
4927668
4927137
4927319
4927337
4927344
4927353
4927364
4927366
4927367
4927373
4927375
4927376
4927377
4927379
4927381
4927384
4927385
4927388
4927389
4927390
4927391
4927393
4927475
4927424
4927621
4927663
4927672
4927676
4927680
4927685
4927684
4927688
4927687
4927691
4927693
4927695
4927696
4927698
4927704
4927705
4927707
4927708
4927709
4927710
5013521
4927761
4927765
4927767
4927768
4927772
4927775
4927777
4927797
4927803
4927804
4927808
4927809
4927813
4927816
4927820
4927822
4927826
4927827
4927828
4927831
4927833
4927891
4927893
4927903
4927910
4927914
4927913
4927915
4927916
4927937
4927938
4927940
4927941
4927942
4927943
4927944
4927945
4927947
4927948
4927949
4927952
4927953
4927954
4927955
4927956
4927959
4928034
4928076
4928239
4928380
4928383
4928401
4928402
4928403
4928408
4928409
4928410
4928412
4928415
4928416
4928421
4928423
4928424
4928425
4928426
4928428
4928429
4928483
4928675
4928728
4928745
4928746
4928747
4928749
4928752
4928753
4928756
4928758
4928764
4928775
4928776
4928777
4928778
4928784
4928808
4929020
4929070
4929120
4929124
4929127
4929128
4929131
4929132
4929133
4929135
4929136
4929137
4929138
4929141
4929142
4929143
4929145
4929146
4929147
4929148
5011583
4929170
4929246
4929276
4929285
4929286
4929289
4929291
4929292
4929294
4929296
4929295
4929297
4929300
4929301
4929302
4929303
4929304
4929305
4929306
4929307
4929308
4929309
4931408
4931706
4931818
4931827
4931829
4931835
4931841
4931840
4931842
4931844
4931847
4931849
4931850
4931851
4931852
4931858
4931859
4931861
4931862
4931863
4931864
4931867
4931866
4931870
4931914
4931918
4931919
4931922
4931924
4931926
4931932
4931942
4931945
4931947
4931948
4931950
4931952
4931954
4931955
4931956
4931961
4931962
4931963
4931964
4931967
4931969
4931970
4932022
4932027
4997105
4931978
4931981
4931982
4932018
4932024
4932025
4932028
4932032
4932033
4932038
4932041
4932045
4932054
4932056
4932057
4932058
4932059
4932060
4932061
4932063
4932064
4932066
4932067
4932069
4932070
4932071
4932072
4932073
4932075
4932077
4933962
4934122
4934286
4934375
4934378
4934369
4934365
4934364
4934361
4934380
4934386
4934397
4934416
4934414
4934411
4934407
4934403
4934395
4934394
4934391
4934363
4934487
4934528
4934535
4934546
4934545
4934544
4934548
4934552
4934556
4934559
4934562
4934565
4934567
4934568
4934570
4934571
4934791
4934870
4934889
4934898
4934899
4934900
4934901
4934910
4934911
4934913
4934914
4934915
4934917
4934918
4934919
4934920
4934921
4934922
4934923
4934925
4934928
4934929
4919674
4934957
4935018
4935041
4935045
4935058
4935060
4935061
4935065
4935066
4935067
4935069
4935070
4935072
4935074
4935075
4935076
4935077
4935078
4935079
4935080
4935081
4935082
4935123
4935211
4935237
4935239
4935250
4935256
4935260
4935262
4935263
4935264
4935268
4935270
4935271
4935272
4935273
4935274
4935275
4935279
4935278
4935280
4935281
4935286
4935287
4935285
4935289
4935290
4935331
4935336
4935338
4935339
4935342
4935344
4935348
4935360
4935364
4935365
4935367
4935368
4935370
4935371
4935373
4935374
4935380
4935381
4935386
4935387
4935389
4935390
4935391
4935392
4935399
4935403
4935438
4935443
4935445
4935449
4935450
4935451
4935455
4935460
4935465
4935467
4935468
4935472
4935473
4935474
4935479
4935480
4935482
4935483
4935486
4935487
4935488
4935489
4935490
4935491
4935493
4935496
4935497
4935565
4935570
4935817
4935859
4935861
4935863
4935870
4935871
4935872
4935883
4935884
4935885
4935890
4935891
4935893
4935895
4935898
4935899
4935900
4935901
4935902
4935905
4935934
4936088
4936101
4936111
4936120
4936122
4936123
4936124
4936129
4936131
4936132
4936133
4936134
4936140
4936143
4936146
4936147
4936149
4936150
4943592
4943638
4943692
4943693
4943694
4943696
4943699
4943700
4943701
4943702
4943704
4943705
4943708
4943709
4943710
4943711
4943712
4943714
4943715
4943716
4943735
4943742
4943812
4943832
4943843
4943844
4943847
4943848
4943849
4943850
4943852
4943853
4943855
4943856
4943857
4943859
4943860
4943861
4943863
4943864
4943865
4943869
4943868
4943944
4943899
4944053
4944131
4944133
4944137
4944140
4944144
4944145
4944148
4944150
4944151
4944152
4944155
4944160
4944162
4944164
4944165
4944168
4944170
4944169
4944171
4944172
4944173
4944174
4944217
4944223
4944224
4944228
4944229
4944231
4944240
4944243
4944246
4944247
4944248
4944252
4944253
4944255
4944256
4944257
4944259
4944260
4944264
4944263
4944265
4944267
4944268
4944269
4944274
4944278
4944283
4944317
4944319
4944320
4944322
4944325
4944328
4944329
4944331
4944340
4944342
4944343
4944344
4944345
4944346
4944347
4944349
4944350
4944351
4944355
4944356
4944357
4944361
4944362
4944363
4944366
4944367
4944554
4944455
4944648
4944704
4944708
4944717
4944716
4944718
4944730
4944731
4944733
4944737
4944739
4944742
4944744
4944746
4944747
4944748
4944749
4944750
4944752
4944790
4945017
4945041
4945049
4945061
4945062
4945063
4945067
4945070
4945072
4945073
4945075
4945079
4945081
4945085
4945087
4945088
4945089
4945090
4945092
4945178
4945380
4945678
4945679
4945680
4945682
4945685
4945687
4945686
4945691
4945692
4945696
4945699
4945701
4945700
4945702
4945704
4945705
4945706
4945708
4945709
4945860
4945867
4945941
4946209
4946213
4946215
4946217
4946218
4946219
4946222
4946223
4946224
4946225
4946229
4946231
4946232
4946236
4946259
4946261
4946298
4946403
4946432
4946504
4945817
4946314
4946512
4946546
4946575
4946578
4946579
4946586
4946588
4946593
4946592
4946594
4946596
4946597
4946598
4946599
4946601
4946879
4946335
4946642
4946642
4946648
4946650
4946651
4946655
4946661
4946693
4946695
4946696
4946700
4946704
4946705
4946706
4946707
4946708
4946710
4946711
4946712
4946713
4946735
4946611
4946721
4946723
4946723
4946724
4946740
4946752
4946760
4946766
4946782
4946784
4946786
4946788
4946789
4946790
4946792
4946794
4946795
4946796
4946798
4946803
4946804
4946805
4946806
4946809
4946810
4946919
4946829
4946829
4946874
4947058
4947153
4947165
4947177
4947183
4947186
4947187
4947191
4947192
4947193
4947194
4947196
4947197
4947198
4947199
4947200
4947204
4947205
4947293
4947254
4947254
4947266
4947414
4947452
4947477
4947494
4947501
4947504
4947510
4947514
4947515
4947517
4947520
4947528
4947529
4947531
4947533
4947538
4947539
4947778
4947761
4947761
4947772
4947846
4947965
4947966
4947968
4947984
4947987
4947989
4947993
4947995
4947999
4948003
4948006
4948010
4948014
4948026
4948030
4948031
4948047
4948049
4947983
5013252
4954645
4954663
4954663
4954803
4954874
4954883
4954886
4954889
4954890
4954892
4954895
4954896
4954899
4954906
4954908
4954915
4954917
4954921
4954922
4954924
4954930
4954931
4954946
4954815
4954977
4954983
4954983
4955161
4955203
4955217
4955225
4955229
4955241
4955251
4955254
4955256
4955263
4955264
4955265
4955270
4955271
4955272
4955282
4955283
4955956
4955326
4955326
4955346
4955353
4955364
4955369
4955375
4955403
4955440
4955449
4955451
4955461
4955462
4955470
4955481
4955482
4955487
4955490
4955491
4955497
4955498
4955753
4955380
4955505
4955522
4955527
4955527
4955539
4955571
4955572
4955602
4955619
4955623
4955624
4955631
4955632
4955634
4955637
4955646
4955647
4955648
4955653
4955656
4955658
4955659
4955663
4955664
4955669
4955754
4955754
4955756
4956009
4956062
4956072
4956081
4956087
4956103
4956104
4956107
4956109
4956110
4956112
4956118
4956119
4956122
4956124
4956126
4956130
4956131
4956163
4956163
4956174
4956302
4956334
4956347
4956362
4956367
4956371
4956375
4956377
4956381
4956382
4956384
4956391
4956396
4956398
4956401
4956402
4956420
4956420
4956593
4956649
4956739
4956741
4956742
4956752
4956753
4956757
4956762
4956764
4956770
4956774
4956776
4956777
4956780
4956781
4956807
4956807
4956821
4956992
4957190
4957193
4957200
4957198
4957201
4957202
4957204
4957205
4957209
4957210
4957214
4957220
4957223
4957222
4957224
4957229
4957231
4957232
4957294
4957913
4957267
4957332
4957369
4957439
4957457
4957460
4957471
4957473
4957474
4957478
4957482
4957484
4957486
4957488
4957491
4957494
4957503
4957514
4957530
4957530
4957535
4957541
4957551
4957557
4957564
4957613
4957618
4957619
4957627
4957629
4957631
4957636
4957642
4957643
4957648
4957650
4957652
4957654
4957667
4957683
4957687
4957693
4957693
4957716
4957723
4957759
4957764
4957769
4957772
4957773
4957777
4957784
4957785
4957787
4957789
4957790
4957793
4957795
4957797
4957798
4957800
4957804
4957806
4957808
4958047
4958200
4958207
4958250
4958256
4958265
4958267
4958277
4958281
4958282
4958286
4958287
4958292
4958293
4958296
4958299
4958300
4958303
4958305
4958308
4958310
4958391
4958396
4958382
4958459
4958517
4958518
4958519
4958520
4958530
4958531
4958535
4958536
4958540
4958541
4958546
4958555
4958557
4958556
4958560
4958562
4958776
4958769
4958811
4958835
4958847
4958848
4958851
4958853
4958863
4958866
4958867
4958870
4958875
4958878
4958886
4958887
4958889
4958892
4958927
4959067
4959102
4959116
4959117
4959118
4959127
4959128
4959129
4959130
4959131
4959133
4959135
4959136
4959138
4959146
4959148
4959153
4959156
4959157
4959160
4959162
4957220
4959194
4959357
4959484
4959485
4959495
4959498
4959500
4959506
4959509
4959512
4959517
4959518
4959526
4959527
4959533
4959534
4959535
4959538
4959542
4959574
4959584
4959587
4959593
4959600
4959632
4959638
4959640
4959643
4959650
4959656
4959657
4959660
4959661
4959664
4959665
4959670
4959674
4959675
4959682
4959683
4959684
4959697
4959714
4959726
4959740
4959742
4959744
4959762
4959764
4959777
4959779
4959794
4959800
4959806
4959807
4959808
4959810
4959816
4959815
4959819
4959824
4959830
4959832
4959837
4959839
4959840
4959843
4959845
4959847
4959947
4960312
4960343
4960348
4960360
4960361
4960363
4960377
4960376
4960378
4960383
4960386
4960385
4960389
4960390
4960396
4960400
4960405
4960407
4960409
4960413
4960455
4960530
4960553
4960559
4960563
4960571
4960584
4960585
4960590
4960601
4960602
4960606
4960608
4960609
4960612
4960621
4960627
4960630
4960633
4960637
4960661
4960898
4961047
4961054
4961302
4961310
4961313
4961314
4961315
4961328
4961332
4961333
4961337
4961340
4961341
4961342
4961345
4961350
4961354
4961356
4961360
4961361
4961364
4961416
4961752
4962328
4962327
4962334
4962338
4962342
4962344
4962346
4962347
4962349
4962350
4962353
4962355
4962357
4962361
4962363
4962367
4962369
4962371
4962373
4962424
4962516
4962555
4962557
4962564
4962565
4962569
4962570
4962573
4962586
4962589
4962588
4962592
4962595
4962598
4962599
4962601
4962603
4962608
4962611
4962616
4962644
4962659
4962662
4962672
4962691
4962705
4962714
4962718
4962719
4962724
4962726
4962731
4962734
4962739
4962749
4962753
4962758
4962760
4962762
4962765
4962768
4962769
4962785
4962794
4962803
4962816
4962818
4962819
4962834
4962835
4962853
4962861
4962868
4962872
4962873
4962875
4962876
4962878
4962880
4962888
4962897
4962899
4962901
4962906
4962907
4962908
4962910
4962913
4962914
4962916
4963318
4963281
4963448
4963495
4963503
4963511
4963512
4963513
4963524
4963525
4963527
4963533
4963536
4963537
4963542
4963543
4963546
4963551
4963550
4963556
4963558
4963562
4963566
4963569
4963580
4963581
4963582
4963583
4963584
4963612
4963613
4963611
4963618
4963684
4963703
4963713
4963730
4963731
4963732
4963734
4963737
4963739
4963743
4963744
4963747
4963749
4963752
4963757
4963762
4963765
4963770
4963772
4963773
4963776
4964019
4964074
4964121
4964119
4964122
4964125
4964132
4964135
4964139
4964140
4964145
4964148
4964150
4964154
4964156
4964157
4964162
4964164
4964206
4964347
4964389
4964401
4964409
4964410
4964411
4964420
4964421
4964424
4964428
4964427
4964432
4964433
4964436
4964437
4964441
4964443
4964444
4964445
4964447
4964449
4964452
4964457
4964458
4964497
4964637
4964707
4964708
4964729
4964731
4964730
4964735
4964737
4964752
4964754
4964756
4964759
4964763
4964767
4964770
4964771
4964773
4964774
4964776
4964778
4964781
4964786
4964817
4964823
4964826
4964833
4964834
4964850
4964873
4964880
4964883
4964882
4964892
4964897
4964898
4964900
4964901
4964906
4964906
4964914
4964916
4964920
4964921
4964924
4964923
4964926
4964947
4964955
4964964
4964967
4964969
4964985
4964995
4965010
4965013
4965015
4965018
4965022
4965026
4965027
4965031
4965033
4965034
4965040
4965043
4965049
4965051
4965052
4965053
4965057
4965060
4965061
4965241
4965431
4965476
4965488
4965496
4965501
4965510
4965512
4965511
4965517
4965519
4965522
4965526
4965528
4965530
4965534
4965535
4965537
4965562
4965568
4965573
4965571
4965618
4965696
4965715
4965720
4965725
4965732
4965735
4965736
4965738
4965741
4965742
4965743
4965745
4965746
4965747
4965748
4965749
4965750
4965753
4965754
4965818
4965955
4966048
4966089
4966102
4966103
4966106
4966115
4966118
4966119
4966121
4966127
4966128
4966132
4966155
4966295
4966266
4966424
4966437
4966493
4966496
4966497
4966502
4966505
4966508
4966509
4966511
4966514
4966513
4966517
4966521
4966531
4966534
4966536
4966542
4966545
4966546
4966549
4966629
4966721
4966745
4966757
4966763
4966764
4966769
4966771
4966782
4966786
4966789
4966790
4966793
4966796
4966798
4966805
4966804
4966810
4966812
4966813
4966817
4966865
4966874
4966875
4966879
4966880
4966885
4966912
4966966
4966990
4967039
4967040
4967042
4967050
4967052
4967053
4967056
4967066
4967074
4967079
4967080
4967081
4967083
4967127
4856068
4967122
4967136
4967145
4967149
4967151
4967166
4967167
4967168
4967169
4967187
4967208
4967216
4967218
4967221
4967222
4967226
4967227
4967228
4967229
4967230
4967233
4967242
4967243
4967247
4967250
4967252
4967253
4967254
4967256
4967560
4967606
4967619
4967621
4967623
4967627
4967628
4967629
4967640
4967641
4967642
4967643
4967645
4967646
4967647
4967648
4967650
4967656
4967655
4967654
4967657
4967659
4967660
4967686
4967778
4967809
4967826
4967829
4967840
4967842
4967845
4967846
4967852
4967853
4967855
4967857
4967860
4967868
4967872
4967875
4967878
4967882
4967886
4966505
4968158
4968208
4968262
4968261
4968260
4968274
4968277
4968280
4968287
4968288
4968307
4968311
4968312
4968313
4968314
4968316
4968318
4968319
4968423
4968483
4968490
4968535
4968538
4968539
4968548
4968551
4968554
4968560
4968564
4968570
4968572
4968573
4968574
4968576
4968578
4968579
4968584
4968588
4968589
4968591
4968594
4968639
4968780
4968785
4968836
4968847
4968850
4968855
4968856
4968859
4968861
4968872
4968873
4968876
4968878
4968882
4968889
4968899
4968902
4968904
4968906
4968910
4968914
4968921
4968948
4968954
4968956
4968962
4968964
4968979
4968983
4969000
4969003
4969015
4969016
4969018
4969027
4969030
4969029
4969036
4969046
4969047
4969054
4969065
4969066
4969067
4969069
4969095
4969108
4969118
4969119
4969121
4969137
4969141
4969144
4969157
4969163
4969170
4969176
4969180
4969181
4969186
4969187
4969188
4969191
4969194
4969197
4969202
4969204
4969208
4969213
4969214
4969215
4969216
4969221
4969224
4969226
4969418
4969610
4969636
4969644
4969656
4969657
4969661
4969674
4969675
4969676
4969677
4969678
4969679
4969683
4969686
4969690
4969693
4969694
4969700
4969703
4969705
4969747
4969808
4969813
4969837
4969853
4969863
4969867
4969869
4969877
4969880
4969881
4969883
4969884
4969888
4969901
4969902
4969905
4969907
4970207
4970143
4970260
4970327
4970337
4970343
4970346
4970347
4970365
4970367
4970368
4970370
4970376
4970379
4970391
4970397
4970400
4970401
4970402
4970451
4970499
4970551
4970564
4970562
4970561
4970573
4970575
4970585
4970587
4970590
4970589
4970594
4970596
4970599
4970601
4970602
4970603
4970605
4970608
4970609
4970610
4611207
4970732
4970746
4970761
4970764
4970920
4970922
4970928
4970927
4970930
4970931
4970948
4970949
4970950
4970952
4970953
4970958
4970973
4970975
4970979
4970981
4970989
4970990
4971033
4971035
4971046
4971051
4971055
4971057
4971076
4971082
4971098
4971101
4971108
4971109
4971110
4971122
4971125
4971129
4971130
4971135
4971146
4971154
4971156
4971166
4971169
4971172
4971173
4971210
4971217
4971227
4971229
4971235
4971265
4971267
4971296
4971300
4971301
4971304
4971309
4971310
4971314
4971316
4971319
4971321
4971322
4971323
4971331
4971332
4971333
4971338
4971340
4971342
4971344
4971347
4971349
4971353
4946806
4971553
4971609
4971645
4971664
4971666
4971667
4971672
4971682
4971683
4971684
4971685
4971686
4971688
4971693
4971695
4971699
4971703
4971704
4971708
4971713
4971715
4971729
4971730
4971731
4971768
4971867
4971887
4971908
4971916
4971918
4971920
4971923
4971932
4971934
4971935
4971938
4971941
4971942
4971957
4971958
4971959
4971960
4971963
4972218
4972267
4972285
4972293
4972302
4972304
4972305
4972315
4972319
4972321
4972327
4972328
4972332
4972340
4972341
4972342
4972344
4972404
4972476
4972550
4972583
4972599
4972598
4972597
4972616
4972618
4972620
4972621
4972623
4972638
4972639
4972645
4972646
4972647
4972648
4972653
4972679
4972696
4972985
4973038
4973050
4973062
4973065
4973068
4973069
4973085
4973087
4973089
4973090
4973091
4973093
4973100
4973105
4973106
4973108
4973107
4973110
4973116
4973142
4973152
4973156
4973163
4973171
4973186
4973192
4973209
4973211
4973222
4973224
4973225
4973232
4973238
4973246
4973249
4973253
4973260
4973266
4973267
4973268
4973273
4973281
4973301
4973305
4973318
4973334
4973335
4973338
4973347
4973363
4973367
4973368
4973369
4973371
4973373
4973377
4973378
4973379
4973390
4973394
4973396
4973404
4973407
4973408
4973447
4973448
4973416
4973415
4973537
4973604
4973630
4973644
4973645
4973647
4973650
4973661
4973664
4973666
4973667
4973668
4973670
4973672
4973674
4973676
4973687
4973687
4973688
4973689
4973691
4973696
4973698
4973699
4973414
4973709
4973710
4973712
4973713
4973714
4973715
4973716
4973750
4973824
4973842
4973852
4973859
4973861
4973860
4973864
4973867
4973869
4973870
4973872
4973873
4973874
4973876
4973878
4973879
4973881
4973886
4973887
4974130
4974147
4974181
4974183
4974184
4974190
4974191
4974192
4974194
4974195
4974196
4974199
4974200
4974201
4974202
4974203
4974206
4974207
4974283
4974453
4974468
4974544
4974557
4974558
4974561
4974564
4974582
4974586
4974594
4974593
4974595
4974602
4974604
4974613
4974627
4974638
4974639
4974644
4974645
4974649
4978065
4975449
4978074
4979139
4979161
4979173
4979183
4979218
4979229
4979230
4979234
4979246
4979248
4979249
4979250
4979252
4979255
4979260
4979264
4979267
4979268
4979272
4979273
4979276
4979278
4979283
4979313
4979317
4979324
4979328
4979338
4979345
4979358
4979368
4979381
4979394
4979395
4979398
4979399
4979406
4979415
4979416
4979417
4979420
4979430
4979431
4979434
4979438
4979440
4979447
4979456
4979467
4979478
4979489
4979491
4979493
4979502
4979511
4979514
4979521
4979541
4979546
4979547
4979548
4979551
4979552
4979561
4979562
4979564
4979566
4979573
4979574
4979575
4979580
4979581
4979582
4979617
4979625
4979634
4979641
4979644
4979658
4979659
4979660
4979665
4979671
4979675
4979681
4979683
4979688
4979703
4979707
4979708
4979709
5005155
4979710
4979720
4979722
4979723
4979724
4979725
4979726
4979768
4980077
4980126
4980135
4980165
4980162
4980169
4980170
4980173
4980178
4980179
4980180
4980181
4980182
4980185
4980196
4980197
4980199
4980204
4980463
4980519
4980551
4980570
4980571
4980572
4980584
4980586
4980587
4980588
4980590
4980593
4980596
4980602
4980603
4980604
4980605
4980612
4980730
4982301
4982569
4983548
4984282
4984729
4984847
4984910
4985087
4985130
4985131
4985133
4985135
4985136
4985140
4985144
4985151
4985153
4985156
4985160
4985498
4985213
4985364
4985649
4985679
4985689
4985692
4985700
4985702
4985705
4985704
4985717
4985723
4985725
4985726
4985727
4985728
4985733
4985735
4985738
4985740
4985741
4985745
4985746
4985753
4985793
4985801
4985802
4985810
4985814
4985825
4985842
4985846
4985848
4985859
4985862
4985864
4985865
4985875
4985881
4985884
4985885
4985889
4985894
4985899
4985900
4985905
4985906
4985913
4985924
4985937
4985945
4985955
4985956
4985958
4985971
4985974
4985975
4985979
4985999
4986004
4986011
4986012
4986013
4986016
4986019
4986020
4986025
4986034
4986036
4986037
4986039
4986043
4986045
4986046
4986050
4986056
4986057
4986059
4986230
4986285
4986386
4986401
4986404
4986405
4986410
4986419
4986420
4986421
4986422
4986426
4986428
4986430
4986431
4986433
4986441
4986443
4986444
4986446
4986447
4986449
4986451
3943106
4986533
4986563
4986584
4986610
4986705
4986720
4986732
4986734
4986737
4986738
4986740
4986741
4986742
4986744
4986743
4986747
4986764
4986765
4986767
4986768
4986773
4986987
4987050
4987119
4987121
4987123
4987151
4987159
4987160
4987163
4987166
4987168
4987167
4987170
4987171
4987169
4987175
4987176
4987174
4987223
4987241
4987251
4987319
4987321
4987325
4987345
4987348
4987350
4987351
4987354
4987357
4987360
4987361
4987362
4987365
4987366
4987368
4987493
4987470
4987538
4987567
4987700
4987711
4987724
4987731
4987733
4987740
4987743
4987744
4987745
4987746
4987751
4987750
4987756
4987760
4987762
4987764
4987766
4987770
4987777
4987778
4987811
4987814
4987815
4987825
4987824
4987829
4987847
4987864
4987877
4987878
4987880
4987888
4987893
4987898
4987899
4987904
4987913
4987918
4987926
4987927
4988225
4988273
4694342
4987925
4987937
4987952
4987956
4987966
4987967
4987969
4987994
4987995
4987996
4988006
4988012
4988024
4988034
4988037
4988040
4988041
4988042
4988058
4988059
4988060
4988063
4988074
4988076
4988081
4988083
4988084
4988085
4988087
4988088
4988091
4988094
4988385
4988393
4988394
4988408
4988419
4988426
4988429
4988430
4988433
4988443
4988444
4988445
4988446
4988448
4988450
4988458
4988460
4988463
4988465
4988467
4988468
4988469
4988472
4988473
4988474
4988484
4988485
4988486
4988487
4988516
4988609
4988664
4988665
4988666
4988679
4988682
4988683
4988684
4988685
4988686
4988691
4988697
4988707
4988708
4988710
4988711
4988712
4988714
4988716
4988989
4988982
4989046
4989073
4989078
4989192
4989194
4989196
4989197
4989198
4989200
4989202
4989203
4989205
4989206
4989216
4989219
4989221
4989222
4989224
4989225
4989226
4989230
4989322
4989353
4989419
4989424
4989426
4989435
4989437
4989439
4989438
4989440
4989442
4989443
4989445
4989450
4989454
4989456
4989459
4989462
4989465
4989516
4989768
4989503
4989770
4989793
4989881
4989892
4989894
4989896
4989897
4989911
4989912
4989913
4989914
4989915
4989917
4989920
4989922
4989926
4989930
4989932
4989933
4989938
4989940
4989946
4989978
4989985
4989987
4989993
4989996
4990009
4990017
4990031
4990034
4990047
4990049
4990050
4990060
4990062
4990067
4990074
4990075
4990081
4990084
4990089
4990097
4990117
4990101
4990108
4990125
4990130
4990143
4990144
4990145
4990163
4990164
4990167
4990194
4990212
4990213
4990214
4990215
4990217
4990220
4990223
4990230
4990234
4990239
4990238
4990242
4990246
4990247
4990248
4990251
4990252
4990254
4990453
4990380
4990522
4990556
4990571
4990572
4990573
4990579
4990583
4990590
4990591
4990592
4990593
4990596
4990598
4990599
4990601
4990608
4990610
4990611
4990614
4990616
4990617
4990618
4990622
4990630
4990631
4990632
4990633
4990710
4990755
4990780
4990793
4990804
4990810
4990806
4990812
4990816
4990823
4990825
4990827
4990828
4990832
4990834
4990841
4990844
4990847
4990848
4990849
4990856
4991115
4991163
4991198
4991204
4991226
4991230
4991232
4991243
4991249
4991252
4991253
4991257
4991260
4991263
4991265
4991267
4991268
4991270
4991271
4991277
4991280
4991272
4991275
4991289
4991291
4991292
4991368
4991392
4991700
4991701
4991704
4991715
4991721
4991723
4991724
4991730
4991731
4991732
4991734
4991737
4991745
4991746
4991747
4991750
4991751
4991754
4991759
4991891
4991925
4992028
4992048
4992049
4992051
4992052
4992062
4992066
4992069
4992070
4992071
4992072
4992075
4992078
4992079
4992083
4992084
4992086
4992087
4992090
4992093
4992097
4561836
4992134
4992141
4992142
4992150
4992149
4992156
4992189
4992216
4992212
4992221
4992223
4992229
4992228
4992237
4992232
4992245
4992247
4992243
4992211
4992206
4992205
4992204
4992192
4967243
4992269
4992273
4992321
4992331
4992342
4992364
4992367
4992362
4992361
4992356
4992355
4992353
4992337
4992336
4992335
4992333
4992332
4992330
4992324
4992368
4992369
4992375
4992377
4992378
4992380
4992382
4992383
4992555
4992706
4992763
4992768
4992772
4992774
4992782
4992781
4992783
4992784
4992790
4992791
4992794
4992800
4992802
4992803
4992805
4992807
4992810
4992867
4992952
4993005
4993030
4993031
4993032
4993034
4993042
4993045
4993050
4993052
4993053
4993056
4993058
4993069
4993070
4993073
4993074
4993079
4993348
4993421
4993443
4993441
4993459
4993460
4993461
4993470
4993475
4993476
4993481
4993489
4993490
4993494
4993495
4993496
4993498
4993500
4993504
4993515
4993516
4993517
4993518
4993577
4993631
4993673
4993675
4993681
4993686
4993697
4993698
4993699
4993702
4993703
4993704
4993710
4993713
4993721
4993722
4993727
4993728
4993733
4993734
4993956
4993786
4993937
4993950
4993994
4993997
4993996
4993998
4994007
4994011
4994014
4994015
4994016
4994021
4994026
4994031
4994032
4994035
4994036
4994038
4994043
4994219
4994083
4994089
4994090
4994098
4994103
4994129
4994136
4994138
4994150
4994151
4994152
4994158
4994165
4994166
4994168
4994169
4994173
4994179
4994184
4994186
4994594
4994191
4994200
4994210
4994218
4994226
4994232
4994244
4994248
4994250
4994251
4994257
4994283
4994284
4994285
4994289
4994292
4994301
4994302
4994304
4994305
4994310
4994311
4994313
4994314
4994322
4994336
4994337
4994327
4994496
4994619
4994638
4994660
4994675
4994676
4994678
4994687
4994688
4994689
4994698
4994702
4994706
4994707
4994709
4994717
4994720
4994726
4994727
4994734
4994735
4994737
4994738
4994739
4994740
4994776
4994786
4994785
4994787
4994846
4994848
4994922
4994932
4994943
4994944
4994947
4994951
4994956
4994957
4994966
4994972
4994974
4994983
4994986
4994987
4994992
4994995
4995008
4995242
4995287
4995292
4995330
4995331
4995332
4995336
4995352
4995355
4995357
4995356
4995358
4995360
4995370
4995373
4995378
4995379
4995387
4995390
4995394
4995397
4995392
4995435
4995452
4995453
4995486
4995502
4995503
4995504
4995516
4995518
4995531
4995534
4995542
4995547
4995550
4995553
4995555
4995557
4995560
4995562
4995659
4995684
4995689
4995749
4995762
4995763
4995764
4995774
4995776
4995780
4995783
4995788
4995798
4995804
4995806
4995809
4995816
4995819
4995854
4995864
4995865
4995871
4995876
4995881
4995902
4995911
4995929
4995930
4995932
4995938
4995942
4995948
4995949
4995954
4995955
4995961
4995969
4995978
4995981
4995987
4995988
4995992
4996006
4996010
4996020
4996027
4996035
4996043
4996045
4996067
4996090
4996092
4996094
4996095
4996098
4996106
4996109
4996112
4996118
4996127
4996128
4996129
4996137
4996143
4996227
4996361
4996392
4996411
4996413
4996435
4996434
4996437
4996438
4996458
4996460
4996462
4996467
4996478
4996481
4996483
4996488
4996497
4996539
4996653
4996703
4996709
4996715
4996727
4996736
4996737
4996738
4996742
4996745
4996749
4996764
4996765
4996766
4996775
4996778
5002972
4993042
4997011
4997065
4997097
4997105
4997117
4997120
4997128
4997128
4997143
4997147
4997149
4997162
4997165
4997167
4997169
4997170
4997178
4997181
4997185
4997186
4997187
4997231
4997276
4997306
4997311
4997331
4997336
4997337
4997345
4997346
4997349
4997358
4997364
4997367
4997369
4997376
4997378
4997397
4997532
4997435
4997564
4997687
4997694
4997702
4997703
4997704
4997706
4997714
4997717
4997722
4997725
4997726
4997742
4997749
4997757
4997761
4997811
4997812
4997813
4997795
4997808
4997810
4997822
4997825
4997829
4997848
4997854
4997866
4997867
4997868
4997870
4997875
4997879
4997877
4997884
4997885
4997889
4997898
4997905
4997913
4997914
4997915
4997918
4998096
4997929
4997943
4997946
4997961
4997963
4997965
4997978
4997981
4997982
4997991
4998006
4998017
4998024
4998029
4998031
4998039
4998060
4998064
4998081
4998089
4998116
4998117
4998120
4998125
4998111
4998133
4998153
4998166
4998167
4998169
4998174
4998179
4998190
4998197
4998202
4998205
4998311
4998329
4998435
4998639
4998722
4998730
4998737
4998754
4998755
4998756
4998762
4998772
4998775
4998776
4998791
4998796
4998797
4998807
4998808
4998851
4998912
4998941
4998945
4998958
4998977
4998978
4998981
4998980
4998996
4998999
4999000
4999003
4999015
4999017
4999019
4999023
4999026
4999030
513729
4987493
4999051
4999079
4999152
4999189
4999202
4999205
4999215
4999221
4999225
4999226
4999238
4999242
4999260
4999259
4999272
1576629
4999309
4999327
4999524
4999581
4999590
4999602
4999616
4999618
4999626
4999643
5000252
4999678
4999682
4999691
4999693
4999701
4999713
4999741
4999744
4999747
4999761
4999774
4999777
4999787
4999791
4999793
4999822
4999832
4999841
4999837
4999863
4999869
4999878
4999879
4999881
4999901
4999903
4999915
4999917
4999932
4999940
4999952
4999954
4999963
4999972
5000000
5000117
5000085
5000111
5000267
5000295
5000308
5000320
5000325
5000326
5000344
5000346
5000430
5000382
5000394
5000462
5000676
5000685
5000701
5000707
5000716
5000720
5000730
5000735
5000738
5000745
5000755
5000767
5000816
5000840
5000901
5000926
5000930
5000947
5000952
5000958
5000964
5000969
5000979
5000986
5000989
5001068
4989768
5001027
5001039
5001062
5001079
5001192
5001250
5001255
5001262
5001261
5001266
5001283
5001289
5001323
5001328
5001495
5001518
5001585
5001594
5001598
5001603
5001611
5001628
5001662
5001666
5001667
5001670
5001674
5001680
5001681
5001698
5001710
5001718
5001721
5001728
5001733
5001752
5001757
5001762
5001764
5001779
5001782
5001784
5001789
5001795
5002249
5003341
4886098
5001797
5001818
5001820
5001835
5001836
5001838
5001855
5001876
5001907
5001911
5001912
5001923
5001926
5001929
5001944
5002040
5002131
5002245
5002421
5002447
5002458
5002459
5002460
5002471
5002482
5002500
5002501
5002502
5002503
5002519
5002573
5002634
5002668
5002672
5002693
5002697
5002706
5002712
5002715
5002728
5002733
5002734
5002737
5002763
5002787
5002831
5002849
5002851
5002863
5002876
5002895
5002908
5002910
5002914
5002924
5002919
5002947
5002960
5002998
5003032
5003060
5003065
5003070
5003080
5003092
5003097
5003100
5003135
5003141
5003344
5003362
5003376
5003381
5003385
5003386
5003390
5003404
5003405
5003416
5003423
5003424
5003433
5003465
5003475
5003479
5003480
5003484
5003492
5003495
5003520
5003532
5003533
5003541
5003544
5003546
5003559
5003564
5003575
5003591
5003623
5003625
5003659
5003662
5003667
5003668
5003681
5003704
5003705
5003710
5003709
5003717
5003732
4452684
5003807
5003824
5003968
5004054
5004079
5004089
5004101
5004102
5004114
5004120